# The contained cliques in the communities at k=7
# from I:\Data\Complexomics\Tools\CFinderWinLinux\CFinder-2.0.5--1440\I:\Data\MATLAB\II Rotation\JoinFiles\Peripheral\F1_A_PPI.txt
# at no lower link weight threshold,
# and at no upper link weight threshold.
# Links were treated as undirected.
# The maximal allowed time per node during clique search was 4.000000 secs.

0: 412 1674 1675 1670 
1: 992 993 996 1689 1690 
2: 1038 1039 3461 1040 1041 3472 1042 5671 5672 2538 2539 2537 5674 2535 3476 3471 3468 4432 3469 3470 3473 4433 5840 3459 3475 4434 5842 6545 3408 5599 5600 5602 5838 5841 5845 6449 3383 3400 3381 3382 5560 3378 3379 3380 3398 3399 3982 4536 4809 4814 4815 5215 5367 5454 5455 5456 5473 5485 5488 5490 5491 5492 5520 5559 5590 5621 5622 6010 6305 6306 6365 6395 6397 6399 6400 6485 6647 6648 6649 6679 6719 3274 3397 4764 5211 5484 5486 5617 5618 5619 5620 6302 6303 6363 6396 6717 6718 2724 2734 2736 2737 2762 3238 3239 3240 3247 3248 3249 3263 3275 3276 3277 3278 3291 3295 3303 3307 3309 3312 3315 3316 3317 3318 3320 3323 3324 3330 3331 3332 3753 3829 3831 3840 3842 3847 3853 3854 3856 3867 3874 4090 4209 4212 4292 4296 4298 4490 4534 4535 4661 4681 4765 4766 4767 4787 4788 4790 4791 4999 5481 5487 5508 5519 5528 5533 5615 5623 5625 5626 5628 5630 5633 5634 5636 5638 5640 5642 5643 5644 5646 5648 5649 5650 5653 5657 5659 5661 5852 5856 6362 6364 6377 6384 6716 6728 6730 6731 6733 6736 6737 2723 2725 2726 2727 2728 2732 2733 2741 2756 2758 5851 6646 6720 2735 2738 2739 2740 2742 2749 2750 2751 2752 2759 2760 2761 2771 4295 4784 4789 6732 2753 2754 2757 2772 2773 3848 3855 4091 5645 5658 6304 6398 2755 2765 3850 6483 6684 2763 2764 2768 4785 4786 4811 4820 4826 2767 3998 5514 6673 6676 6677 6682 2743 2766 2769 5515 6482 5471 5641 6322 6481 6484 6486 6487 4076 4078 4080 4083 4084 5465 5468 5470 5472 5474 5478 5489 5518 5521 5522 5586 5589 3259 4075 4077 4079 4081 4082 4093 4094 4095 4101 4103 4146 5453 3251 3253 3258 3250 3252 4098 3241 3254 4099 4119 4127 4139 4141 5616 3754 4118 4120 4126 4138 4140 4603 5631 5647 3756 3757 3764 5624 3730 3755 3758 3765 4130 5857 5860 5872 5889 5896 3729 3731 3732 3733 3759 3766 3740 3737 3738 3736 3739 4109 6574 4110 4483 4563 4651 5525 5746 6145 6268 6569 6572 6575 6576 6577 6578 6582 6583 6584 6591 6593 6594 6595 6597 6752 4113 4114 4111 4148 4088 4112 4145 6423 3235 6394 4155 4131 4154 4152 4153 4158 4129 4151 5895 4132 5882 4100 4128 4133 4156 4236 4092 4213 4142 4143 4157 4240 4144 4159 4245 4147 5516 5517 6376 4096 4149 5255 5213 5214 5212 5216 5257 6009 6008 5368 6035 6037 6650 5366 5397 5399 5411 6006 5365 3244 3256 3257 3981 3984 4210 4211 4214 4219 4532 5373 5377 5382 5389 5391 5392 5395 5400 5404 5417 5452 5482 5494 5495 5496 5509 5512 5524 5529 5531 6655 3243 3245 3246 4769 5855 6672 6675 6680 3260 3265 4768 4771 4773 4774 4780 4794 4795 4796 4798 4801 4802 4803 4804 4805 5862 5879 5881 5885 5887 5900 3268 5854 5858 3267 3838 3878 3882 3837 3873 3877 3881 3832 5869 3799 3830 3833 3843 3858 3864 3868 3798 3801 3803 3802 5466 1428 3805 3857 3863 3869 3876 4760 5591 1425 1433 1426 1431 1432 4560 3870 4537 4550 4556 4558 4559 4561 4562 4568 5001 5035 5037 5398 5888 6330 6331 6375 6678 6770 3820 3834 3845 3861 3865 3871 3821 6018 5029 5034 5042 5047 5000 5033 5036 5038 6374 5046 3851 3849 3266 3859 3872 3880 3888 6771 3836 3879 4666 5761 6289 6367 6371 6373 6378 4233 4665 5749 5760 5863 5877 5901 5911 5912 3995 4218 4222 4223 4231 4232 4234 4242 4244 4249 4264 4265 4266 5762 5763 3987 3990 3994 3997 3999 4552 5378 3986 3988 4546 5750 5751 6668 5375 6667 4770 4817 5564 6669 4220 4756 4772 4775 4799 6726 6727 4221 4225 4230 4226 5866 4227 4246 5870 5871 4224 4237 4247 5504 5505 5506 5501 5502 5460 5461 5462 5463 5464 5467 5570 5469 5475 5476 5575 5584 4812 4813 5587 4762 4810 4822 4823 5562 4755 4757 4758 4763 4797 4759 4761 4781 4792 5588 4955 5253 5886 6325 6326 6327 6329 4964 2770 4963 4965 5254 5258 5256 5259 3035 6328 6596 3036 3039 3319 6601 5260 2778 4616 4669 5890 2779 4615 4607 4612 3311 4257 4602 4609 3308 3313 4682 5904 3282 3304 3310 4605 4606 3333 3334 5513 3285 3273 3284 3286 3236 6749 2722 4533 2721 2731 2729 2730 5853 4543 4541 4542 4540 6829 6870 3983 4215 4216 5859 5861 6366 6406 4217 4235 4238 4248 4251 4261 4262 4263 6734 4239 4241 4253 4667 4668 6729 4243 4662 6735 5893 4254 4256 4684 5906 5905 4608 5908 4604 5511 5523 5526 5527 6379 5538 4172 5493 5507 5535 5536 5537 4166 4168 4170 5483 6754 5500 6768 5503 5758 5745 5743 3280 3500 4547 5379 5754 3298 3293 3297 3517 4553 4551 4569 4578 5510 6590 5530 6600 2604 4250 4496 5532 5534 2600 2592 2601 4494 4495 2593 2602 4497 4491 4500 4267 6383 6603 6604 5393 5753 5765 5755 5764 5752 5766 6370 6369 4252 5652 6143 5883 6139 6147 6149 5884 5891 4674 5892 6144 6158 6140 6152 6159 6162 6132 6141 6315 6133 6136 6137 6587 4549 4548 6153 6163 6598 6334 6324 6333 6323 3860 3844 6332 6864 6342 6497 4793 4821 6131 4310 4305 4307 6407 6402 4557 4683 6372 6380 6381 4776 4778 6681 4777 4779 6674 4783 4819 4782 4806 4825 4824 6683 5409 3996 4001 4613 4909 2785 3907 4905 4908 4910 4911 3884 3903 3905 5396 4000 5458 5557 5457 5459 5451 5581 5598 6709 5597 6692 6653 6651 6710 6654 6474 6312 6475 5868 1538 1537 5024 4003 3760 5380 5394 5006 4998 5120 5118 5137 5135 6036 5601 5561 3841 3852 3899 3890 3893 3891 3894 3900 5477 5637 5629 5651 5660 5627 4489 4498 4499 5867 2605 4827 6414 6450 6446 6546 4485 2746 6579 5655 5656 5639 5654 2803 2795 3710 4299 4293 4301 4291 4297 4311 4306 4317 4314 4325 4342 4321 4331 3553 1642 3939 3940 3938 5632 5837 5683 5843 3430 
3: 3420 3421 5316 5317 
4: 4645 
5: 6434 
