W	FeatureID	NumericCode	PosOnPepseq	OneLetterCode	MeanOvePeriplasmic	MeanOverCytoplasmic	MeanOverAll
-0.196960	603	2	31	A	0.089	0.179	0.097
-0.178160	296	15	15	T	0.056	0.117	0.062
0.215200	241	20	12	E	0.072	0.018	0.067
0.197320	358	17	18	R	0.078	0.022	0.072
-0.112050	1105	4	56	L	0.102	0.166	0.108
-0.152230	871	10	44	S	0.058	0.108	0.063
-0.165020	404	3	21	V	0.079	0.135	0.084
-0.115990	245	4	13	L	0.104	0.166	0.110
-0.164890	968	7	49	F	0.035	0.072	0.038
-0.157870	525	4	27	L	0.098	0.157	0.104
0.215400	257	16	13	K	0.048	0.009	0.045
-0.096922	225	4	12	L	0.103	0.161	0.109
0.212370	337	16	17	K	0.047	0.009	0.043
-0.214770	435	14	22	Y	0.024	0.054	0.027
-0.195940	406	5	21	I	0.049	0.090	0.053
-0.201940	302	1	16	M	0.016	0.040	0.019
-0.102730	37	16	2	K	0.121	0.179	0.127
-0.234140	862	1	44	M	0.022	0.049	0.025
-0.172420	531	10	27	S	0.044	0.081	0.047
-0.294080	1029	8	52	W	0.017	0.040	0.019
-0.099989	383	2	20	A	0.099	0.152	0.104
-0.105880	205	4	11	L	0.111	0.166	0.116
0.153170	1158	17	58	R	0.069	0.027	0.065
-0.289810	472	11	24	C	0.007	0.022	0.008
0.211690	501	20	25	E	0.075	0.031	0.071
-0.173500	1168	7	59	F	0.038	0.072	0.041
0.226840	237	16	12	K	0.041	0.009	0.038
-0.167200	90	9	5	G	0.029	0.058	0.032
-0.325120	449	8	23	W	0.012	0.031	0.014
0.230560	320	19	16	D	0.066	0.027	0.062
0.171600	1201	20	60	E	0.072	0.031	0.068
0.308650	299	18	15	H	0.031	0.004	0.029
-0.090113	783	2	40	A	0.103	0.152	0.108
