"Position"	"Residue"	"Known Segments"	"Window Hydropathies"	"Smoothed Window Hydropathies"	"Hydropathy Predicted Segments"	"Hydrophobic Moment"	
1	M						
2	S						
3	N						
4	D						
5	T				-1		
6	P				-1		
7	F				-1		
8	D				-1		
9	A				-1		
10	L		-0,26		-1	3,782	
11	W		0,11		-1	3,872	
12	Q		0,43	-0,132	-1	3,696	
13	R		0,08	0,092	-1	3,671	
14	M		-1,02	0,178	-1	4,905	
15	L		0,86	0,588	-1	6,613	
16	A		0,54	0,71	-1	6,13	
17	R		2,48	1,264	-1	4,921	
18	G		0,69	1,8	-1	5,535	
19	W		1,75	2,4	-1	6,325	
20	T		3,54	2,384	-1	5,939	
21	P		3,54	2,592	-1	6,665	
22	V		2,4	2,75	-1	6,93	
23	S		1,73	2,696	-1	6,72	
24	E		2,54	2,698		6,567	
25	S		3,27	3,012		6,133	
26	R		3,55	3,46		6,616	
27	L		3,97	4,13		6,699	
28	D		3,97	4,64		6,683	
29	D		5,89	4,892		5,129	
30	W		5,82	4,934		5,265	
31	L		4,81	4,976		4,757	
32	T		4,18	4,256		5,308	
33	Q		4,18	3,77		5,471	
34	A		2,29	3,414		5,428	
35	P		3,39	3,494		5,14	
36	D		3,03	3,49		4,79	
37	G		4,58	3,646		4,898	
38	V		4,16	4,042		4,782	
39	V		3,07	5,026		3,724	
40	L		5,37	5,686		2,136	
41	L		7,95	6,34		3,748	
42	S		7,88	7,424		3,611	
43	S		7,43	8,042		3,519	
44	D		8,49	7,988		4,387	
45	P		8,46	7,96		4,396	
46	K		7,68	7,962		3,191	
47	R		7,74	7,676		3,181	
48	T		7,44	7,51		2,972	
49	P		7,06	8,016		2,935	
50	E		7,63	8,372		2,89	
51	V		10,21	8,65		3,574	
52	S		9,52	8,92		3,236	
53	D		8,83	9,39		3,748	
54	N		8,41	8,92		5,101	
55	P		9,98	8,516		6,956	
56	V		7,86	8,468		6,565	
57	M		7,5	8,226		6,775	
58	I		8,59	7,294		7,966	
59	G		7,2	6,402		7,365	
60	E		5,32	5,672		7,22	
61	L		3,4	4,492		6,632	
62	L		3,85	3,54		7,143	
63	R		2,69	2,812		5,967	
64	E		2,44	2,488		6,098	
65	F		1,68	2,366		6,152	
66	P		1,78	2,426		6,174	
67	D		3,24	2,938		5,144	
68	Y		2,99	3,314		5,046	
69	T		5	3,808		7,038	
70	W		3,56	4,526		5,105	
71	Q		4,25	5,166		5,09	
72	V		6,83	4,938		5,104	
73	A		6,19	5,226		4,931	
74	I		3,86	5,532		3,549	
75	A		5	5,238		2,655	
76	D		5,78	5,034		4,031	
77	L		5,36	5,27		3,329	
78	E		5,17	5,662		4,902	
79	Q		5,04	5,556		5,022	
80	S		6,96	5,682		4,862	
81	E		5,25	5,586		4,894	
82	A		5,99	5,668		4,438	
83	I		4,69	5,366		3,553	
84	G		5,45	5,188		3,999	
85	D		5,45	4,862		3,76	
86	R		4,36	4,406		4,953	
87	F		4,36	3,456	-1	4,447	
88	G		2,41	2,508	-1	2,56	
89	V		0,7	1,376	-1	3,678	
90	F		0,71	0,212	-1	3,885	
91	R		-1,3	-0,416	-1	2,55	
92	F		-1,46	-0,892	-1	2,407	
93	P		-0,73	-1,454	-1	1,961	
94	A		-1,68	-1,774	-1	1,105	
95	T		-2,1	-1,822	-1	1,453	
96	L		-2,9	-2,13	-1	0,659	
97	V		-1,7	-2,178	-1	1,338	
98	F		-2,27	-1,914	-1	1,778	
99	T		-1,92	-1,714	-1	2,14	
100	G		-0,78	-1,494	-1	3,098	
101	G		-1,9	-1,16	-1	3,279	
102	N		-0,6	-1,3	-1	2,235	
103	Y		-0,6	-1,662	-1	2,492	
104	R		-2,62	-1,284	-1	3,667	
105	G		-2,59	-1,292	-1	3,727	
106	V		-0,01	-1,136	-1	5,603	
107	L		-0,64	-0,52	-1	5,653	
108	N		0,18	-0,024	-1	5,768	
109	G		0,46	-0,092	-1	6,079	
110	I		-0,11	0,044	-1	5,633	
111	h		-0,35	0,206	-1	5,802	
112	P		0,04	0,038	-1	5,82	
113	W		0,99	-0,004	-1	5,592	
114	A		-0,38	0,392	-1	4,909	
115	E		-0,32	0,912	-1	4,85	
116	L		1,63	1,274	-1	6,325	
117	I		2,64	2,024		6,978	
118	N		2,8	3,228		6,229	
119	L		3,37	4,17		6,191	
120	M		5,7	4,854		8,181	
121	R		6,34	5,902		7,795	
122	G		6,06			7,754	
123	L		8,04			6,244	
124	V						
125	E						
126	P						
127	Q						
128	Q						
129	E						
130	R						
131	A						
132	S						
