# The contained cliques in the communities at k=7
# from H:\Data\Complexomics\Tools\CFinderWinLinux\CFinder-2.0.5--1440\H:\Data\MATLAB\II Rotation\JoinFiles\Peripheral\AllPeri_AND_Pot_Peri_Interactions.txt
# at no lower link weight threshold,
# and at no upper link weight threshold.
# Links were treated as undirected.
# The maximal allowed time per node during clique search was 3.000000 secs.

0: 937 938 2896 2920 3095 3099 3828 4168 4171 4172 4173 4176 4663 4671 4681 4682 4684 4690 4694 4695 4698 4700 4704 4728 4735 4738 4742 4752 5022 5037 5089 939 4939 4947 4980 3722 3742 3747 3753 3812 1492 2593 3104 3721 3723 3725 3730 3741 3746 3752 3758 3830 4280 4330 4685 4688 4691 4699 4872 4945 4946 4948 4949 4955 4956 4961 4971 4972 4974 4978 4981 5331 5332 1493 1495 1496 2178 2602 3465 4346 4547 4884 5230 2604 2899 4348 4674 4886 5039 2596 2598 2600 2529 2597 2607 2776 2783 2794 3954 4153 4333 4345 4550 4669 4874 4883 5029 5036 5235 5503 5566 2601 4817 4818 4830 2603 3749 3750 4670 4692 4693 4821 4832 2183 4672 4696 4697 4822 4833 1576 1578 1579 2182 2184 2185 2188 2194 2200 3351 3473 4338 4701 4823 4828 4877 5042 5147 5238 5246 5435 5446 5449 5450 5454 1577 1580 3343 4329 4871 5140 5229 5429 1583 5023 1582 4399 4400 4827 3195 3199 3203 4391 4394 4395 4405 4406 4407 4951 5455 3196 3197 3198 3200 4035 3218 4038 1447 3220 4032 4416 4417 4403 943 2492 944 942 3190 4408 4824 4829 5045 5041 5046 1494 2782 2785 2786 2800 3353 3472 3757 4341 4349 4350 4556 4560 4561 4677 4678 4702 4703 4705 4880 4887 4888 5025 5032 5034 5038 5051 5062 5075 5085 5151 5242 5439 5453 5511 2181 2774 2784 2787 2788 2789 2790 2802 2180 2186 2897 2898 2906 2910 2911 2914 2917 2918 3470 4169 4343 4665 2904 2905 2919 3485 4355 4714 4736 4902 2913 3480 4175 4354 4711 4731 4732 4899 5479 4159 5077 4160 4166 4167 5078 5074 2817 2909 3077 3496 3967 4364 4575 4717 4739 4841 4914 2814 2829 2833 2834 2835 4847 2781 2813 2779 2780 2810 2811 2777 2778 2801 2803 2808 3869 4342 4881 5243 5440 2798 2799 5437 5452 4340 4879 5240 4337 3350 3735 3736 3921 3962 4876 5237 5245 5434 3349 3357 3360 3356 3369 5250 2704 3366 3433 5258 2702 2731 5253 5506 3748 4208 5146 5231 5255 5257 5410 3109 3740 3743 3754 3766 3767 3816 3106 3108 3112 3114 2795 3103 3111 3113 3105 3720 3727 3728 3734 3738 3739 3762 3719 3733 3737 3729 4331 2595 3731 4332 5563 2608 3779 4548 5502 5232 5241 5431 5249 5438 4676 5040 5248 4667 4673 4675 4719 5510 3090 4344 4668 4882 5035 5505 3079 3088 3091 3097 3078 3093 3094 3100 3968 4365 4743 4915 3092 3096 3098 3876 3929 3878 3930 3862 3867 3877 3881 3882 3883 3884 3909 3933 3934 4724 4725 4749 3859 3861 4737 3866 3868 3906 3907 3611 3914 3915 3916 3608 3613 3614 3636 3637 3638 3639 3610 3630 3631 3632 3633 3634 3645 3642 3646 2912 3640 3641 3643 3644 3917 3920 3922 3918 3919 3924 3925 3923 3963 3411 3932 3354 3410 3368 3344 3358 5153 3931 3978 3977 3982 3983 4557 5411 4372 4922 4177 4257 4278 4279 4554 4555 4558 4559 4573 4576 4583 3764 3772 3475 5508 3474 3499 5148 5500 5504 5507 5517 5523 5514 5000 4204 4998 4999 5005 4201 5003 3089 3975 4370 4920 4997 3087 3086 3974 4369 4919 4977 4721 4745 4720 4722 4710 4996 4712 4713 4716 4723 4727 5050 3880 4726 5052 3875 3879 4715 4666 4746 4747 4686 4687 4819 4844 4843 4846 5083 4750 4840 4842 4845 4744 4751 4740 4718 4741 4753 4729 4754 3745 4689 3744 3755 4834 4973 3815 3811 3810 4088 2525 4085 2523 2534 2548 5358 4182 5390 5389 5521 2532 2535 3979 4109 4110 4111 4885 4347 5168 4207 5167 4194 4206 4219 4163 5080 5049 5060 2903 4050 1499 4047 4065 4066 4067 4068 4045 4062 4063 4064 4960 4274 4975 1307 1308 1309 1310 1312 1311 3797 3798 3893 4174 4748 2199 2193 4979 3761 3808 4426 4424 2797 4334 4425 4890 5441 2804 2806 2809 2830 2831 3076 3495 3966 4170 4363 4913 4970 5276 5486 5589 3955 4357 4908 5269 5465 3507 3503 4200 3504 4203 4352 4897 5261 5460 5033 5028 4570 4404 4836 3768 4837 5530 3694 3696 3695 2861 2860 2828 3670 3782 3780 3778 2363 
1: 2495 2498 4448 4460 
2: 4258 
