# The contained cliques in the communities at k=8
# from I:\Data\Complexomics\Tools\CFinderWinLinux\CFinder-2.0.5--1440\I:\Data\MATLAB\II Rotation\JoinFiles\Peripheral\F1_A_PPI.txt
# at no lower link weight threshold,
# and at no upper link weight threshold.
# Links were treated as undirected.
# The maximal allowed time per node during clique search was 4.000000 secs.

0: 412 1675 1674 
1: 2592 4483 
2: 2723 2724 2726 2727 2736 6716 2728 2737 5615 5852 3247 3278 4210 5481 5851 5856 5863 6362 3239 3243 3248 3249 3265 3238 3240 3263 3274 3276 3309 3317 3323 4661 5617 5619 5621 5625 5633 5636 5638 5640 5646 5648 5650 5659 5661 3244 3246 4764 4766 4767 4769 4773 4787 4788 4790 4791 4795 4798 6717 6719 3245 3256 3257 6646 6647 6649 4814 4815 2742 3379 3982 4534 4765 4768 4809 4811 4820 4822 4823 4826 4999 5484 5485 5486 5488 5491 6363 6395 6648 6669 6676 6677 6678 6679 6718 2738 2741 2755 2764 2733 2739 2752 2771 2734 2735 2749 2759 2750 2760 2751 3847 5657 2753 2754 2761 3848 5658 2772 2773 6483 2740 6484 6398 4094 5489 5620 6304 6396 6397 6400 4091 4095 4145 3241 4090 4119 4127 4138 4139 4141 5618 5622 5645 4093 4118 4126 4140 5644 4075 4144 5487 4076 4077 4079 4081 4082 5454 4078 4080 4083 4084 5456 4146 5474 5518 3319 5492 5515 5516 5517 5519 5520 5521 6376 6596 6732 6770 3277 3316 3320 3275 3318 4535 3315 3853 5642 5643 6730 3829 3840 3856 3859 3831 3836 3842 3854 3867 3874 5508 6728 3266 3849 3863 3880 5761 6365 6377 6384 6364 5490 4214 4536 4537 5001 5367 5397 5455 5472 5511 5514 5523 5528 5533 5855 5888 6306 6733 4211 4212 4213 4237 4245 4209 4219 5365 5482 4217 4215 4218 4235 6720 4216 5623 5859 5861 6366 6367 5494 6378 5495 5496 3984 5524 6655 3981 3983 3999 3997 3998 6680 5512 6675 5513 5525 6729 6731 6734 2758 2768 4240 4789 4801 5035 5037 5395 5587 5885 5887 6325 6375 6595 6736 2756 2762 2769 2778 2763 4238 4244 4242 4236 4665 5881 5882 4796 5862 4774 4802 4803 4804 4771 4770 4772 6727 5630 3291 3295 5504 5626 5628 5631 5649 6370 3303 3307 3312 4681 5653 3308 3311 4602 4603 3297 3332 5749 3330 3331 5760 3876 3878 3879 3869 3877 5890 3803 3868 6330 3802 5591 5473 5559 5588 5590 6329 3400 5470 6485 3381 3398 3380 6399 3378 6305 5857 6302 5858 5889 6303 5647 3857 5641 6486 3855 3864 3850 6327 5471 5589 4760 5600 4755 4759 4758 4792 4785 4784 4786 6684 5560 5598 5602 5599 5841 5840 5842 3472 5671 3468 3473 3470 5672 6331 6326 6597 4560 4561 5398 6575 6576 6591 6594 4558 6037 4559 5399 6010 5368 6008 5396 6574 6569 6752 5886 3324 4233 4223 4232 4222 5750 5505 5506 3988 5382 5377 5400 5378 5391 3987 5392 3995 3994 5509 6673 5510 5529 5531 5530 5532 5534 5404 6682 5417 5507 5493 4780 4778 4776 3755 3753 3758 3754 3764 3756 3765 4666 6373 5034 5036 5000 3870 4909 6374 4911 3907 5860 5624 3258 5522 4812 4813 4292 4296 4298 4490 
3: 5743 5746 
