# The contained cliques in the communities at k=8
# from I:\Data\Complexomics\Tools\CFinderWinLinux\CFinder-2.0.5--1440\I:\Data\MATLAB\II Rotation\JoinFiles\Peripheral\F1_A_PPI.txt
# at no lower link weight threshold,
# and at no upper link weight threshold.
# Links were treated as undirected.
# The maximal allowed time per node during clique search was 4.000000 secs.

0: 404 1706 1705 
1: 2578 4539 
2: 2927 2931 2932 2950 2951 2960 2963 6405 2941 2961 2965 3866 5707 2935 2938 2942 2946 4654 6723 2936 2952 4645 2937 2947 6652 2944 2948 4810 2945 4813 4814 2939 2940 2949 6663 2929 2982 4648 5639 6655 6660 6717 6750 3275 4582 5019 5376 5382 5384 5387 5391 5404 5408 5497 5638 5700 5711 5999 6308 6362 6364 6572 6575 6586 6719 3271 3272 3273 3279 3274 3276 3968 4575 4643 5395 5396 5697 6361 6650 6716 3278 5392 2966 3234 3277 3280 3309 3316 3333 3334 3858 3873 4051 4214 4655 5415 5699 5708 5709 5710 5712 5713 5714 5715 5740 6367 6724 2968 2943 2967 2996 2983 4652 6720 2984 2985 6737 6695 3224 4000 5476 6010 6661 6689 3220 3222 3223 3244 3246 3221 4650 4651 4653 4670 4675 4681 4692 4644 4658 4647 4659 4660 4809 4811 4646 4657 4661 4812 4649 5641 3391 5383 5405 5409 5411 5645 5650 6418 6664 3388 3392 3389 5703 3385 5704 3386 5696 6413 6302 6394 6419 6424 6303 6311 6317 6320 5406 5410 5651 6050 6319 6365 3238 3872 3879 4339 4583 4593 5026 5385 5398 5402 5407 5412 5414 5416 5420 5450 5455 5465 5466 5470 6006 6047 6048 3219 3240 3241 5443 4336 5432 4294 4315 4337 4291 4295 4296 5453 5456 4290 4292 5730 6733 4293 5729 6034 6035 6036 6377 6000 6037 6054 6378 4672 6001 4669 4679 4682 4690 4691 6005 3954 4340 5025 6049 3242 3340 3947 3951 3955 3235 3243 3847 3871 3946 3848 3874 3875 3859 3884 3886 3948 6363 6366 5419 6423 6665 6316 3870 6310 3857 3868 3856 5698 3864 3881 3882 3945 3880 6029 6030 6399 6400 6406 4148 4147 4161 4197 4160 4196 4162 4220 4139 4155 4157 4163 4222 4184 4206 4218 4223 4221 4213 4183 4204 4212 4181 5721 4193 4195 3740 3736 3742 3743 4774 5731 3745 3741 3737 4317 4773 4783 4784 5716 5720 5734 5738 5739 5741 4316 4319 4341 4338 4343 4297 3308 3315 5735 3332 3293 3335 4436 4450 6374 6379 3972 5706 6368 6722 3971 3984 3990 4595 3997 5400 6659 3996 5509 5508 5462 5464 5474 5467 5478 5413 5386 5418 6662 5378 5380 5390 6721 6718 5447 5472 3980 5426 5446 6682 5425 5427 6371 6731 4665 4674 4676 5451 6687 5429 5458 5434 6690 4822 6734 4823 4828 4829 6732 3989 3988 4585 4586 4592 6577 6569 5016 5837 5028 5030 5029 5844 5535 5843 5534 5718 5733 5737 4309 5763 5764 4310 4325 4327 5765 3342 5766 3330 3339 3341 3329 3227 3233 3902 6022 4687 4683 4664 2997 6385 6023 5723 3883 4935 4933 6756 6595 5536 6590 5514 6589 5388 5417 6328 6325 2964 5642 5646 5659 5653 5898 5900 5903 3567 3563 3571 3566 5571 5568 5648 4045 4049 4561 5389 6581 
3: 5744 5745 
