# The contained cliques in the communities at k=7
# from I:\Data\Complexomics\Tools\CFinderWinLinux\CFinder-2.0.5--1440\I:\Data\MATLAB\II Rotation\JoinFiles\Peripheral\F1_A_PPI.txt
# at no lower link weight threshold,
# and at no upper link weight threshold.
# Links were treated as undirected.
# The maximal allowed time per node during clique search was 4.000000 secs.

0: 404 1705 1706 1713 
1: 1039 1043 1635 1044 1638 
2: 1092 1094 3558 1093 1096 3571 1095 5568 5571 2561 2573 2563 5609 2555 3588 3586 3566 4415 3563 3565 3567 4421 5903 3564 3568 4418 5900 6538 3397 5645 5653 5659 5895 5898 5902 6428 3391 3398 3386 3388 3389 3392 3393 4592 4811 4812 5183 5382 5383 5404 5405 5408 5409 5410 5411 5419 5465 5639 5641 5650 5703 5711 5843 6310 6319 6364 6399 6418 6419 6423 6655 6660 6661 6664 6719 3385 3387 3968 4586 4809 5176 5376 5395 5396 5420 5696 5697 5837 6302 6303 6361 6394 6413 6424 6650 6665 6716 3276 3390 4643 5704 5708 5712 5715 6720 6724 2943 2966 2967 2968 2996 3220 3233 3234 3235 3238 3240 3241 3271 3272 3274 3275 3277 3278 3279 3280 3308 3309 3315 3316 3329 3330 3332 3333 3334 3340 3341 3342 3742 3847 3848 3858 3871 3872 3873 3874 3875 3879 3946 4045 4049 4051 4214 4315 4319 4561 4575 4644 4648 4650 4651 4652 4653 4655 4773 4774 5016 5384 5398 5402 5406 5412 5415 5470 5699 5700 5709 5710 5713 5714 5716 5719 5720 5721 5729 5730 5731 5733 5734 5735 5737 5738 5739 5740 5741 6048 6054 6363 6365 6367 6385 6717 6718 6721 6722 6725 6737 2934 2935 2938 2939 2940 2941 2942 2945 2947 2948 2949 2961 2983 2984 2985 2929 2932 2933 2978 2931 2956 2958 2972 2982 5638 6308 6362 6572 6750 2927 2930 2946 2950 2951 2960 2963 2964 2965 3273 3866 3870 4147 5391 5707 6316 6405 6406 2936 2952 3856 3857 5698 6396 6749 2937 2944 4645 4810 6652 4646 4647 4813 4814 4658 4659 4660 4661 4662 4815 3221 3222 3223 4654 4657 4671 4678 4686 4691 4692 4693 5026 6006 3224 3219 3244 3246 4000 5466 5476 6010 6659 6662 6663 6687 6689 6690 6692 6695 3216 3218 4336 4339 5378 5380 5386 5387 5390 5392 5429 5432 5434 5443 3291 6756 6762 3286 3290 3292 3301 6591 3294 3304 3293 3284 3287 3335 4431 4436 4452 3337 4321 4443 4463 4776 6042 6034 2997 3743 3988 4290 4293 4295 5453 6000 6023 6035 6036 6037 6377 6378 6871 2994 2998 4337 6056 2977 2992 2993 6033 2973 2975 5728 3227 4197 5723 3217 3229 4181 4193 4195 4196 3215 4148 4128 4125 4126 4127 6451 3718 4130 4145 3715 3717 3720 3724 3714 3721 3723 3736 3737 3727 3738 3726 3744 3746 4155 3745 3747 3741 4297 4790 6001 6013 6022 6049 6050 3740 4194 6029 6030 6031 6032 4204 5706 5718 4183 4205 4206 4207 4212 4213 4184 4139 4157 4162 4163 4218 4220 4221 4222 4223 5407 5450 5452 5469 4136 4138 4160 4161 5385 5388 5440 4146 4198 4199 4200 4219 4228 4224 4235 4225 6047 3239 4236 3237 4210 4217 4234 4343 4208 4226 4233 4296 4215 4332 4216 4313 4316 4291 4292 4300 4304 4310 4311 4312 4314 4317 4320 4338 4340 4341 5497 5999 6005 6723 6732 6734 3989 4288 4294 4670 5456 6733 3971 3972 3984 3990 3993 3997 4629 5458 3970 3996 4591 5400 5413 5416 5418 5464 5509 3980 3992 4309 4325 4634 5462 5508 5749 5763 5764 6694 3998 4620 5426 5446 5447 5474 6371 6483 6682 6731 4828 5472 4822 4823 4824 4827 4829 6008 6736 4673 4825 5459 5662 5663 5666 4680 4695 4677 4674 4676 5664 4299 4665 4675 4679 4681 4685 6691 6735 4302 4303 4335 6039 4305 4327 4329 4331 4344 6040 3947 4682 3242 3243 3941 3948 3950 3951 3954 4783 5765 6045 6051 6055 3248 3232 3247 3953 3955 3230 3940 3943 3944 3945 4551 4559 4564 2588 4563 2587 2601 2578 2585 4543 4562 2576 4539 6586 4135 4582 4735 5019 5514 5536 5745 6325 6569 6575 6577 6581 6589 6590 6594 6595 6596 6597 6598 6599 6602 4132 4176 2822 4257 2795 2793 5206 6334 5194 6328 5190 5191 5182 5187 5648 4230 5188 5203 5414 6366 4232 5184 5205 6317 5192 5651 6311 6320 6400 5177 5844 4583 4593 5534 5535 5845 5851 5868 4580 4581 4584 4585 4595 4602 4611 4617 5025 4615 6573 4614 4635 5750 5744 3289 3488 5529 5743 5746 3303 3285 3339 6053 1590 6009 6052 1587 6003 6004 4669 4672 4690 6007 2582 4442 4649 4668 4687 4694 4441 4460 4459 4656 4664 4683 4689 6043 6693 4666 4684 6681 4688 4819 4826 3978 6686 3983 4779 6025 4323 4308 4306 4462 6026 4451 4450 5717 5725 5726 5736 5506 5522 4333 5468 6384 5439 5455 5438 4156 5425 5427 5428 5431 5442 4154 4158 4159 5435 6766 5436 5748 4324 5437 5460 4326 4334 4328 4330 5467 5451 5478 5504 4623 6374 4631 4784 5766 6298 6368 6373 6379 6381 4744 4777 4789 6370 6382 3886 4937 5028 6322 6369 3859 3884 3887 3889 3910 3860 3862 3891 3883 4939 3850 3881 4933 4935 4932 3849 3864 3868 3877 3880 3882 3901 3902 3846 3845 3867 3869 3863 3865 5701 5702 5705 5727 4558 4550 4553 5724 2959 2962 6421 5417 6313 6402 5401 5473 5475 5652 5379 5399 5463 5640 5381 5403 3876 5461 3878 3888 5665 6314 6305 6323 6403 5389 6332 6860 6579 6150 6129 6135 6142 6148 6224 6128 6187 6127 6185 6584 6184 4599 6195 6212 6220 6304 6018 4766 5994 5990 6171 6166 6160 6174 6159 4057 4065 4071 6330 1477 3900 1475 1476 1474 1479 1478 5657 5658 5646 5642 5647 6651 6668 6667 3935 3936 5867 3855 3899 3917 5023 5024 5027 5029 5017 5030 3904 3896 3903 3893 3895 3916 5043 5046 5045 5055 6380 5503 6767 5441 5430 3508 5532 5747 5756 5760 5761 5757 5768 5767 6027 6024 6574 6576 6580 4594 4609 4608 4628 6829 6438 6463 6494 4637 5123 5120 5124 5117 5548 5849 3799 3801 3800 4958 4957 4959 4960 6571 6269 6450 6592 6449 6407 6425 6537 4537 5457 5433 5454 5477 5444 5471 5667 6434 6337 5040 5528 5531 4816 4289 5722 4318 4342 4775 3022 3021 5510 6657 6654 6658 4039 4032 4036 4044 4033 4041 4081 4082 4092 4105 4106 4047 4048 4050 3618 1715 3772 5732 6642 5904 5570 5908 3354 
3: 3357 3360 5339 5346 
4: 4745 
5: 6436 
