Entry Name	Total #Tryptic Peptides	# Detectable Tryptic Peptides	Detectable(%)	mean gravy	mean m/z
P00363	16	10	62.5	897.551238265664	0.0405257416731874
P00393	20	13	65	765.80373344617	-0.0592532950687583
P00550	12	4	33.3333333333333	1177.52460059524	0.896773504273504
P00561	20	14	70	715.767834958333	0.292941667250878
P00803	21	7	33.3333333333333	928.013767916666	0.242673469387755
P00804	9	7	77.7777777777778	1105.98927185185	0.813958365164247
P00811	18	12	66.6666666666667	919.028075	-0.173015052874967
P02918	23	14	60.8695652173913	740.923202892157	0.163526790669648
P02925	21	12	57.1428571428571	811.196731333333	0.244366148827536
P02930	18	11	61.1111111111111	828.19088	-0.585725781395638
P02931	18	9	50	954.507396666667	-0.173151250982133
P03961	11	5	45.4545454545455	1100.91444930556	0.0242410729367251
P04825	23	13	56.5217391304348	789.906196342592	-0.329348030137504
P04968	19	13	68.4210526315789	759.85632254902	0.232426570828862
P04983	28	14	50	703.838525888889	0.075418051836119
P05458	20	11	55	835.583292111111	-0.150757414995383
P06136	25	10	40	828.675871805556	-0.464547739297739
P06149	24	11	45.8333333333333	799.788247777778	-0.0859297565179919
P06282	20	15	75	770.291382561403	-0.200961329030447
P06611	18	8	44.4444444444444	838.361177416667	-0.195715262066365
P06616	24	10	41.6666666666667	775.185423697917	0.0734370199116329
P06709	19	10	52.6315789473684	914.012339242424	0.160401394901395
P07000	24	14	58.3333333333333	709.094487261905	-0.0242929234630916
P07001	21	11	52.3809523809524	773.433810909091	0.0708811080546723
P07003	15	10	66.6666666666667	939.361778973684	0.067204365079365
P07014	23	16	69.5652173913043	676.969565964912	-0.336788452560511
P07109	26	10	38.4615384615385	803.211322388889	-0.0428499417249417
P07650	17	13	76.4705882352941	780.228763645833	0.20115748602101
P07654	15	9	60	801.170483703704	0.687967372134039
P07821	23	12	52.1739130434783	742.571804875	0.0506993994567524
P07822	14	9	64.2857142857143	1086.79722102564	0.143385962822065
P08200	26	13	50	682.779146764706	-0.257306895383819
P08331	23	12	52.1739130434783	824.845450238095	0.0136077008207763
P08395	27	12	44.4444444444444	807.595982333333	0.117429075554076
P08400	20	12	60	745.347426041667	-0.221552754147231
P08401	19	10	52.6315789473684	900.348606559524	0.176491441066254
P08506	19	12	63.1578947368421	797.623893020833	0.0674033578077696
P08839	21	11	52.3809523809524	865.74160125	-0.0444087652159752
P09152	30	9	30	746.808333461538	-0.870696593854489
P09391	16	9	56.25	839.705325358975	0.128208168642951
P09394	27	11	40.7407407407407	703.9475625	-0.46277915173609
P09546	21	10	47.6190476190476	642.814667435897	-0.0805887445887446
P09549	21	9	42.8571428571429	814.481800416667	-0.200941639507283
P0A6A0	30	11	36.6666666666667	674.029354047619	0.226511619693438
P0A6H8	23	9	39.1304347826087	982.926718888889	0.37494477987899
P0A6J1	17	9	52.9411764705882	780.097975977778	-0.0168553443553444
P0A6J3	14	6	42.8571428571429	766.306226111111	0.209604349139233
P0A6J5	22	12	54.5454545454545	793.801529	-0.516303158982662
P0A6Q6	14	7	50	839.081126916667	0.206983082706767
P0A6X3	7	5	71.4285714285714	894.41841834127	-0.054775176514307
P0A6Y8	20	12	60	873.597889583333	-0.151672054797055
P0A6Z3	26	12	46.1538461538462	721.534054460784	-0.401236618319952
P0A734	8	6	75	683.87555	0.260208333333333
P0A756	15	9	60	858.212919960784	-0.168681630642415
P0A759	22	12	54.5454545454545	853.716188518519	-0.200103045647163
P0A766	9	6	66.6666666666667	859.385599166667	1.12758838383838
P0A7B1	29	15	51.7241379310345	683.323743627451	-0.279303612566771
P0A7B3	16	9	56.25	930.039905059524	0.100434275238197
P0A7E1	20	15	75	684.415339166667	-0.220741242329952
P0A7E5	19	12	63.1578947368421	832.655798039216	0.13484570802005
P0A7J0	16	11	68.75	771.900432604167	-0.010977707288449
P0A855	19	7	36.8421052631579	799.4618115	-0.0755246842326675
P0A879	22	13	59.0909090909091	791.194347107843	-0.306562001347069
P0A8R7	17	7	41.1764705882353	770.430442	-0.824161537084469
P0A8U0	10	7	70	882.938786527778	-0.246814058956916
P0A8X2	18	11	61.1111111111111	754.636562888889	-0.367658179932651
P0A8Z3	14	7	50	804.62396037037	-0.17741284250601
P0A901	21	12	57.1428571428571	618.352910416667	-0.0993202861952862
P0A908	18	10	55.5555555555556	992.216828717948	-0.329806528742289
P0A912	16	8	50	794.002372954545	-0.36946158008658
P0A917	13	7	53.8461538461538	824.572258809524	-0.624854156574911
P0A921	18	13	72.2222222222222	842.8122665625	-0.351526156875665
P0A924	21	12	57.1428571428571	911.005147916667	0.315821262071262
P0A935	23	7	30.4347826086957	1023.715335	-0.36864659060105
P0A937	7	4	57.1428571428571	1184.888354	0.00944700460829495
P0A940	24	14	58.3333333333333	694.683862604167	-0.0337711809665592
P0A9J4	13	9	69.2307692307692	852.977806813726	-0.139662962119102
P0A9K7	25	14	56	712.285015350877	-0.269923989409284
P0A9M5	14	6	42.8571428571429	685.862443833333	0.000610722610722601
P0A9P0	24	9	37.5	869.273035625	0.275014252269154
P0A9P4	22	12	54.5454545454545	823.422215989583	-0.207589751047669
P0A9Q9	14	8	57.1428571428571	1035.439548	0.0719628527082612
P0A9R7	21	10	47.6190476190476	751.417766875	-0.0690750377073907
P0A9S7	21	14	66.6666666666667	727.153766710526	-0.116548316296216
P0A9U1	16	11	68.75	942.000788645833	0.143755222421666
P0A9U3	19	12	63.1578947368421	869.390081203704	-0.27763630742855
P0A9V1	20	12	60	770.554413263158	-0.0282793040293041
P0A9W3	21	12	57.1428571428571	745.686366031746	-0.323227358189626
P0A9X1	20	14	70	695.255839275	-0.00606467037802735
P0A9X4	19	12	63.1578947368421	634.219204444444	-0.0442740130240131
P0AA53	24	11	45.8333333333333	850.509350555556	0.252145828028181
P0AA73	14	6	42.8571428571429	1263.54193305556	1.12973336385836
P0AA84	26	9	34.6153846153846	849.639671515152	-0.317178123600537
P0AA91	17	10	58.8235294117647	864.241045833333	-0.0723531533825652
P0AA93	18	9	50	1063.71321121212	1.08751971412366
P0AA95	10	5	50	735.654945	-0.271766233766234
P0AAB4	27	10	37.037037037037	738.6296275	-0.158565039180768
P0AAB6	19	10	52.6315789473684	934.462579222222	0.224731354235144
P0AAC4	12	6	50	1072.74747	0.630154292835452
P0AAC6	8	4	50	987.842556875	0.435140625
P0AAD6	11	6	54.5454545454545	999.538977619048	0.605717120181406
P0AAE0	10	6	60	1004.26680802083	0.676500550939575
P0AAF3	22	10	45.4545454545455	806.996150347222	0.0496638861138861
P0AAF6	19	9	47.3684210526316	953.193087564103	-0.243594962231644
P0AAG5	18	13	72.2222222222222	894.210378928571	0.545403792173569
P0AAH0	23	14	60.8695652173913	766.688106851852	-0.211979372908584
P0AAH4	29	13	44.8275862068966	739.023008111111	-0.168790555598248
P0AAH8	22	14	63.6363636363636	760.634148257576	-0.0192436397635978
P0AAJ1	18	12	66.6666666666667	730.9664709375	-0.238873656980275
P0AAJ5	21	14	66.6666666666667	641.306791388889	-0.332850734269907
P0AAJ8	19	13	68.4210526315789	768.094198921569	-0.562171717171717
P0AAS0	15	6	40	672.586655833333	0.112353757353757
P0AAT4	15	7	46.6666666666667	969.105912277778	0.496154335113145
P0AAV0	7	3	42.8571428571429	1004.47614877778	0.975858585858586
P0AAX8	18	9	50	868.630051515152	-0.203202103106036
P0AB06	22	12	54.5454545454545	640.5336709375	-0.229615040460629
P0AB10	11	7	63.6363636363636	1016.64391270833	-0.0654417151475975
P0AB12	9	5	55.5555555555556	873.097687777778	0.523092145949289
P0AB24	24	12	50	746.467401282051	-0.383911181411181
P0AB26	16	7	43.75	855.055671666667	-0.271508463493253
P0AB38	13	9	69.2307692307692	897.217563136364	-0.17980881691408
P0AB58	24	10	41.6666666666667	839.563013333333	-0.035722312689031
P0AB67	10	4	40	1000.60613205556	1.23485619772384
P0AB98	13	5	38.4615384615385	1145.89899208333	0.779577554599075
P0ABA6	26	14	53.8461538461538	675.722339270833	-0.0950552027337742
P0ABB4	22	15	68.1818181818182	709.821735462963	-0.0341930008988833
P0ABB8	21	9	42.8571428571429	830.856083472222	-0.364339426006093
P0ABF1	31	11	35.4838709677419	683.722032435897	-0.553289172128181
P0ABF6	17	11	64.7058823529412	888.288367380953	-0.0712212787212788
P0ABF8	11	7	63.6363636363636	904.682970925926	0.659347788643141
P0ABH0	21	10	47.6190476190476	931.985796190476	0.33778964864028
P0ABI4	20	11	55	941.888136988889	-0.312579696836614
P0ABI8	10	7	70	834.150258520833	0.582724867724868
P0ABJ1	19	11	57.8947368421053	901.927210166667	0.151088405702042
P0ABJ3	9	5	55.5555555555556	1071.14404862121	0.817310276717487
P0ABJ6	3	2	66.6666666666667	813.139550416667	0.33375
P0ABJ9	13	5	38.4615384615385	1144.77780888889	0.862234432234432
P0ABM9	22	11	50	824.046075454545	-0.388854501640425
P0ABS5	24	12	50	821.631953125	-0.273911836830987
P0ABU7	16	7	43.75	943.853362222222	0.0266732804232804
P0ABU9	20	11	55	873.887806190476	-0.0533053221288516
P0ABV6	13	4	30.7692307692308	565.80720125	0.348523698523698
P0ABZ4	18	8	44.4444444444444	840.754316666666	0.585688567045811
P0AC02	24	14	58.3333333333333	747.967863666667	-0.571134381491524
P0AC23	14	7	50	1092.53184398148	0.795459956709957
P0AC30	22	14	63.6363636363636	751.119535520833	-0.304277111777112
P0AC41	18	12	66.6666666666667	818.857905928571	-0.184556799126425
P0AC44	5	3	60	815.175382291667	0.676875
P0AC75	27	9	33.3333333333333	833.022872690476	0.296742410209902
P0AC98	7	3	42.8571428571429	1239.148045	0.726774691358025
P0ACB7	23	10	43.4782608695652	640.546866060606	-0.742243867243867
P0ACE0	21	12	57.1428571428571	798.965444675439	0.0721313033813034
P0ACJ0	19	10	52.6315789473684	746.756623055556	-0.0982648856990962
P0ACS9	22	13	59.0909090909091	750.102008809524	-0.0304083889966243
P0ACV0	23	9	39.1304347826087	941.609946410257	0.0252041894198757
P0AD12	19	13	68.4210526315789	839.683614583333	-0.059310500427442
P0AD14	15	9	60	1110.60698319444	0.990840438074402
P0AD27	18	9	50	1053.27241155556	0.520265722273924
P0AD30	13	6	46.1538461538462	952.688600833333	1.04624194032089
P0AD65	28	13	46.4285714285714	702.490583020833	-0.14594988972817
P0AD68	27	12	44.4444444444444	697.875805416667	-0.0399642024642025
P0AD96	21	10	47.6190476190476	842.5369605	-0.190733343776107
P0AD99	11	3	27.2727272727273	819.286373333333	0.861688311688312
P0ADA5	16	7	43.75	1051.09354520833	0.0522170788004708
P0ADB1	10	5	50	943.849671145833	-0.00967061923583657
P0ADC6	20	12	60	880.861104166667	0.154883838713173
P0ADE4	27	14	51.8518518518519	708.504021372549	-0.311827837195484
P0ADK0	14	9	64.2857142857143	843.192746666667	-0.034137477016734
P0ADL1	11	7	63.6363636363636	1007.01367375	0.858212839791787
P0ADL3	12	7	58.3333333333333	874.654671409091	0.0766132079367373
P0ADM4	10	5	50	969.6875575	-0.168690476190476
P0ADM8	21	14	66.6666666666667	764.794637791667	-0.300770852108732
P0ADP2	16	10	62.5	655.97673875	0.00183437761069337
P0ADS6	22	10	45.4545454545455	712.05138974359	-0.148176665439823
P0ADS9	26	12	46.1538461538462	776.378818076923	-0.504810853863485
P0ADV1	16	6	37.5	692.947770166667	-0.465975515712358
P0ADV7	21	13	61.9047619047619	730.667149555556	-0.459601733086683
P0ADV9	18	8	44.4444444444444	878.060083333333	-0.25765625
P0ADY1	21	14	66.6666666666667	811.222299642857	-0.376312900290733
P0ADZ7	9	4	44.4444444444444	947.49883375	0.641439393939394
P0AE14	20	13	65	788.827843611111	0.247595166271637
P0AE28	16	9	56.25	1025.87028672619	0.0975687743160861
P0AE34	12	6	50	853.572319375	0.493417755991285
P0AE45	15	10	66.6666666666667	1045.51071015152	0.340045668890496
P0AE82	19	13	68.4210526315789	902.590083627451	-0.0345472561626409
P0AE91	17	7	41.1764705882353	829.825338240741	0.228336081907511
P0AEB2	19	11	57.8947368421053	795.393891833333	0.00715654569409508
P0AEB5	17	8	47.0588235294118	1219.5504619697	0.808320841297921
P0AEC0	13	8	61.5384615384615	980.983848166667	0.620844516036079
P0AEC3	26	13	50	752.448040333333	-0.0640803783111476
P0AED0	10	6	60	836.969418653846	0.0953476443672521
P0AEE1	16	9	56.25	841.365078	-0.0308101166877258
P0AEF8	11	6	54.5454545454545	1043.08995858333	0.824965272396047
P0AEG6	20	11	55	779.398325111111	-0.245365619229256
P0AEH1	20	8	40	822.514498181818	-0.322813412999609
P0AEJ0	11	3	27.2727272727273	1374.09024	1.1941403424162
P0AEJ4	22	12	54.5454545454545	731.614058088235	0.115495456636761
P0AEK4	21	12	57.1428571428571	760.113253541667	0.260823356711515
P0AEL0	18	8	44.4444444444444	933.149243055555	0.661804523091288
P0AEL6	19	6	31.5789473684211	903.176509166667	-0.159339968310557
P0AEP3	15	9	60	976.954295222222	0.381373138385522
P0AEQ3	26	12	46.1538461538462	743.856380555555	0.155614818295739
P0AER0	9	6	66.6666666666667	1198.40902392857	0.803002505076733
P0AER3	14	8	57.1428571428571	873.960913125	0.558171233006759
P0AER5	13	12	92.3076923076923	976.248107179487	0.799957010582011
P0AEU0	22	11	50	858.751118194444	-0.0481257007994977
P0AEX3	13	5	38.4615384615385	954.418314333333	0.11541540812129
P0AEX9	26	13	50	739.664146904762	0.0866980413807039
P0AEY1	15	7	46.6666666666667	943.661491428572	0.743841616914324
P0AEY5	16	12	75	777.445709947917	-0.316034967283032
P0AEY8	16	4	25	1351.38557291667	0.837881626788646
P0AEZ3	23	11	47.8260869565217	640.476839545455	0.355556589874772
P0AEZ7	25	9	36	993.1346545	-0.217917891781355
P0AF20	22	14	63.6363636363636	757.635493583333	-0.0812953973762245
P0AF34	13	5	38.4615384615385	1297.48033	0.99775
P0AF40	8	3	37.5	1450.78437722222	1.31997150997151
P0AF70	7	3	42.8571428571429	977.788732916667	-0.276314010177574
P0AFA2	21	10	47.6190476190476	772.424353636364	0.43349591230026
P0AFB1	20	12	60	819.921424583333	-0.235963053265208
P0AFC3	13	6	46.1538461538462	1068.07875452381	0.515741064491064
P0AFC7	20	12	60	873.809327857143	-0.423944345523878
P0AFD1	13	8	61.5384615384615	882.531462864583	-0.354464370059765
P0AFD4	12	7	58.3333333333333	953.2243334375	0.600504251593724
P0AFD6	22	12	54.5454545454545	651.975842857143	-0.446546462796463
P0AFE8	11	3	27.2727272727273	1421.37884041667	1.4178416821274
P0AFF0	9	6	66.6666666666667	1428.10949388889	1.07500179810839
P0AFF2	17	11	64.7058823529412	997.598095641026	0.96262567288285
P0AFG8	20	10	50	906.134928333333	-0.307849100354983
P0AFH8	24	8	33.3333333333333	840.159978125	-0.0953240304103791
P0AFI2	19	10	52.6315789473684	962.686755611111	-0.183630386408136
P0AFJ7	11	5	45.4545454545455	995.617598291667	0.488949850471589
P0AFK2	10	4	40	1022.07107875	0.195665584415584
P0AFK4	15	8	53.3333333333333	1047.93936314815	0.926112987987988
P0AFK6	14	5	35.7142857142857	1191.70335616667	0.661871825600639
P0AFK9	19	9	47.3684210526316	880.150193409091	-0.40769186885466
P0AFL6	19	13	68.4210526315789	796.679450555555	0.185854434491558
P0AFM2	15	8	53.3333333333333	1090.35424166667	-0.14980337457601
P0AFP9	19	13	68.4210526315789	772.009281888889	-0.125243238410659
P0AFQ2	19	9	47.3684210526316	910.013281333333	0.314577294991088
P0AFS9	19	11	57.8947368421053	850.895809940476	-0.228858501898783
P0AFV4	23	9	39.1304347826087	819.538552575758	-0.493355094726062
P0AFX9	21	6	28.5714285714286	756.261002142857	-0.327039821776664
P0AFY2	21	12	57.1428571428571	878.649813333333	0.336372929639059
P0AFY6	12	9	75	1005.25184833333	0.15991835224522
P0AFY8	19	10	52.6315789473684	786.869708444444	-0.345924242424242
P0AFZ7	15	5	33.3333333333333	1267.07779033333	0.965371955233706
P0AG00	22	11	50	905.32049474359	-0.326557206904801
P0AG27	17	8	47.0588235294118	740.410099242424	0.337695824706694
P0AG71	24	17	70.8333333333333	658.215767666667	-0.707107480333287
P0AG80	16	12	75	904.349596145833	-0.523776097091314
P0AG82	21	14	66.6666666666667	635.609745714286	-0.229634086151943
P0AG86	8	6	75	882.156636190476	-0.447695767195767
P0AG90	23	13	56.5217391304348	687.56094	-0.0230708723779992
P0AG93	13	9	69.2307692307692	1026.23671611111	0.233658348825262
P0AG99	6	5	83.3333333333333	1108.667081	0.232872007219833
P0AGA2	13	7	53.8461538461538	1051.36780925926	1.15459433773509
P0AGB0	21	12	57.1428571428571	762.412500897436	0.0722184075309075
P0AGB6	22	9	40.9090909090909	782.938605555556	-0.129756975051093
P0AGC3	25	13	52	675.055293095238	-0.459358494753892
P0AGD1	13	8	61.5384615384615	787.602334880952	-0.145577596618358
P0AGD7	24	11	45.8333333333333	834.794881666667	0.0243577500930442
P0AGH3	13	7	53.8461538461538	1056.13215638889	0.765972250911161
P0AGH5	13	7	53.8461538461538	1024.2734605	0.344162836305693
P0AGM5	20	13	65	923.516702380952	0.0169124635874519
P0C066	22	11	50	891.890135277778	-0.168308300395257
P0C0L7	12	7	58.3333333333333	922.779740833333	0.375626948215183
P0C960	20	10	50	783.307897777778	-0.184973500184026
P0CB39	15	9	60	789.221976319444	0.177847478766064
P10121	15	6	40	1158.42014722222	-0.382159677159677
P10346	27	7	25.9259259259259	972.593369166666	-0.116922865920562
P10378	17	12	70.5882352941177	842.514465657895	-0.268316221424774
P10408	26	10	38.4615384615385	835.776196190476	-0.168732142857143
P10441	23	10	43.4782608695652	834.764450416666	0.140081614292141
P10905	10	6	60	1091.69815333333	0.63689241980317
P10906	11	8	72.7272727272727	975.4508955	0.856225950831214
P10907	25	9	36	932.269711527778	-0.100906849969457
P11289	10	5	50	889.624701944444	-0.741848484848485
P11349	26	11	42.3076923076923	818.801978055556	-0.511087334382789
P11350	14	9	64.2857142857143	1000.62264611111	0.54069510373432
P11454	17	14	82.3529411764706	836.049221111111	-0.384761804074692
P12008	23	9	39.1304347826087	814.700833958333	-0.229464648202006
P13518	21	11	52.3809523809524	792.628748076923	0.0792225988413672
P14376	27	9	33.3333333333333	932.917083833333	-0.0414960718294052
P15877	13	6	46.1538461538462	815.252671190476	-0.00642276257195618
P15993	9	5	55.5555555555556	1024.83926309524	0.353061870340973
P16095	16	11	68.75	937.661971041667	-0.0732869012707723
P16676	24	13	54.1666666666667	740.192766388889	-0.112059397205835
P16700	23	14	60.8695652173913	727.044109509804	-0.25421564890324
P17443	22	12	54.5454545454545	755.220897941177	0.197715562860912
P18392	21	12	57.1428571428571	777.632810833333	-0.12068512980684
P18776	17	12	70.5882352941177	720.081395637255	-0.289536130901262
P19318	24	12	50	790.87184703125	-0.458944676559121
P19319	29	10	34.4827586206897	706.367746111111	-0.754141658779817
P21338	29	11	37.9310344827586	699.515459666667	-0.319566222644286
P21345	14	9	64.2857142857143	1026.7166277381	0.814027898027898
P21889	32	12	37.5	694.450266444444	-0.104822208987263
P21893	20	12	60	815.951470147059	-0.20125849613941
P22525	12	8	66.6666666666667	1061.18066282051	-0.0447966587810338
P22731	23	12	52.1739130434783	833.636863111111	-0.163130731922399
P23830	30	13	43.3333333333333	761.913866111111	-0.400894060188178
P23837	18	11	61.1111111111111	942.779950666667	0.203200511609602
P23843	18	12	66.6666666666667	849.521081568628	-0.261149396014524
P23847	24	10	41.6666666666667	839.855106212121	-0.396921077552007
P23865	28	13	46.4285714285714	753.847761960784	-0.362892539309543
P23878	21	10	47.6190476190476	834.840245862745	-0.242575263504611
P23886	20	7	35	644.633825833333	0.00317460317460312
P23894	12	6	50	863.732793333333	0.0985800865800866
P23909	20	14	70	794.563303137255	-0.268888661985467
P23917	20	9	45	856.593850530303	-0.21470720961949
P23930	13	6	46.1538461538462	951.806709047619	0.619223722184248
P24177	11	9	81.8181818181818	961.233931481481	-0.192142889789949
P24205	24	9	37.5	970.642021488095	-0.0837804787804788
P24228	18	10	55.5555555555556	853.712701025641	-0.0229816859342031
P25522	21	12	57.1428571428571	762.328012692308	0.0403338930664512
P25534	13	10	76.9230769230769	882.111358325397	0.196360624517601
P25535	14	13	92.8571428571429	862.585285261905	-0.00728600234217342
P25714	14	10	71.4285714285714	1047.78239988095	-0.506323773448773
P25737	8	3	37.5	760.585875	0.670641025641025
P25746	17	12	70.5882352941177	811.158217395834	0.285479334498657
P26365	22	9	40.9090909090909	871.651797222222	0.213698870767902
P26459	14	5	35.7142857142857	1179.68112690476	0.664676434676435
P26647	21	10	47.6190476190476	840.067285119048	0.613457048214943
P26648	18	11	61.1111111111111	807.176979102564	-0.119723171565277
P27278	22	13	59.0909090909091	806.154180958333	-0.0454769658446129
P27829	18	12	66.6666666666667	773.311517	0.203427144682659
P27896	18	10	55.5555555555556	958.052361960784	0.0497374458874457
P28224	10	7	70	759.733517962963	-0.238102730602731
P28249	21	12	57.1428571428571	718.768379166667	-0.255137533137193
P28306	28	11	39.2857142857143	574.9174525	-0.128049349640259
P28635	20	11	55	871.777481282051	0.151960694104657
P29018	23	10	43.4782608695652	699.034711180556	0.2709400339083
P29217	23	13	56.5217391304348	789.836521190476	-0.0242341183720495
P30138	19	9	47.3684210526316	812.853712666667	-0.326497545664212
P30750	20	11	55	865.1124040625	0.184001341795459
P30844	20	11	55	836.605362777778	0.184653704880977
P30845	16	5	31.25	874.970572777778	0.783104684788895
P30847	24	13	54.1666666666667	732.272207953704	-0.0823968079974946
P30859	22	12	54.5454545454545	840.401996282051	-0.294990455146705
P30864	23	14	60.8695652173913	731.015953472222	-0.215036373401035
P31069	12	10	83.3333333333333	1083.44605820513	0.987332881145666
P31119	24	12	50	743.991130294118	0.323132336073513
P31134	21	10	47.6190476190476	751.637192083333	-0.00750688527159121
P31433	21	12	57.1428571428571	848.058504039216	-0.0716600684943077
P31466	10	5	50	964.216047291667	0.667178270812047
P31545	23	10	43.4782608695652	963.886927722222	-0.249046610186672
P31554	19	10	52.6315789473684	894.111601217949	-0.57513786359839
P31666	22	12	54.5454545454545	859.694732555555	-0.0904812362142926
P31979	26	12	46.1538461538462	704.143787916667	-0.27808458354511
P32129	22	10	45.4545454545455	806.172067708334	0.672105311355311
P32160	19	12	63.1578947368421	758.175421153846	-0.238110398860399
P32166	13	3	23.0769230769231	529.604876666667	-0.905345117845118
P32681	21	10	47.6190476190476	966.475330145833	-0.49843350522027
P33011	22	9	40.9090909090909	827.860125	0.206645299145299
P33136	26	16	61.5384615384615	654.846240701754	-0.166551084332334
P33225	20	11	55	813.609353676471	-0.189175597130143
P33226	23	12	52.1739130434783	745.562107380952	-0.600587549705197
P33232	17	10	58.8235294117647	919.44932878125	0.147150777828409
P33358	21	12	57.1428571428571	844.555460416667	-0.188613940765893
P33360	22	12	54.5454545454545	863.121295268519	-0.132293794570969
P33362	18	13	72.2222222222222	756.344383095238	-0.269347864773846
P33363	23	13	56.5217391304348	771.671138645833	-0.0421026936921508
P33599	21	14	66.6666666666667	754.455815833333	-0.299895908921782
P33602	19	7	36.8421052631579	1004.53543180556	-0.564277439557221
P33607	10	3	30	1319.30815125	1.19157635258617
P33650	18	11	61.1111111111111	838.481418589744	0.185952549007332
P33915	17	9	52.9411764705882	971.099167424242	-0.15604616800269
P33916	21	11	52.3809523809524	787.21561127451	0.150911588411588
P33927	11	8	72.7272727272727	1142.23528592593	0.707967376373626
P33937	26	10	38.4615384615385	788.53849439394	-0.0237825673417779
P33940	20	12	60	848.155582948718	-0.228705738705739
P36548	29	11	37.9310344827586	662.343107611111	0.10975530708151
P36672	15	6	40	731.771823166667	0.0530092592592593
P36879	24	11	45.8333333333333	697.948255	0.0683627904603136
P36929	22	13	59.0909090909091	804.627655392157	0.0186197014816924
P37028	19	13	68.4210526315789	817.2745425	-0.144341593549738
P37177	24	7	29.1666666666667	832.007213333333	0.452072927072927
P37194	12	8	66.6666666666667	888.70763375	-0.188523779461279
P37313	22	12	54.5454545454545	802.040233055556	-0.442534164210029
P37339	23	12	52.1739130434783	796.946724625	-0.0380436896981015
P37340	15	5	33.3333333333333	990.80889	0.408373684210526
P37624	22	11	50	852.084611111111	0.279066374801669
P37636	18	12	66.6666666666667	873.781579102564	-0.184860584233156
P37637	9	5	55.5555555555556	981.594148	-0.0250250484809309
P37641	20	12	60	779.51047997619	0.00143385005517354
P37642	19	10	52.6315789473684	890.89925448718	-0.291199792960663
P37648	19	9	47.3684210526316	962.846033194445	-0.213589485049112
P37649	19	12	63.1578947368421	814.824293823529	0.406662657266105
P37651	24	14	58.3333333333333	774.846135	-0.172741557734205
P37652	15	8	53.3333333333333	916.341770227273	-0.0556238755117431
P37690	28	14	50	712.804992401961	-0.470484693877551
P37691	19	10	52.6315789473684	753.44390727193	-0.123539551842183
P37767	24	12	50	817.884290777778	0.128227493197655
P37908	24	10	41.6666666666667	917.176219333333	0.523701224701225
P38135	17	10	58.8235294117647	955.059601369048	0.227297410192147
P38506	18	11	61.1111111111111	813.964734074074	0.096624840337759
P39176	16	10	62.5	967.659104861111	-0.0664445226396126
P39187	19	7	36.8421052631579	779.380473958333	0.106627970028591
P39285	23	12	52.1739130434783	862.174954230769	-0.850501639753398
P39321	17	14	82.3529411764706	839.416208703704	0.0496901961124008
P39325	24	10	41.6666666666667	859.351075972222	0.255858836261777
P39342	21	13	61.9047619047619	817.054121111111	0.220170786463537
P39836	12	5	41.6666666666667	1068.83051509259	0.719090909090909
P40710	20	11	55	891.164604711111	-0.224235071148947
P40719	22	12	54.5454545454545	842.13840515625	-0.22240260531379
P41052	17	10	58.8235294117647	973.250594305555	-0.22993561679231
P42591	18	10	55.5555555555556	898.475824285714	-0.491253154253154
P42601	12	8	66.6666666666667	936.557319318182	0.602478632478632
P43337	14	9	64.2857142857143	752.808137916667	0.112257575757576
P43341	20	10	50	832.902132781574	0.142072871572872
P43671	24	10	41.6666666666667	856.989025384615	-0.200729936729937
P43674	20	11	55	911.354162440476	0.0394664399927558
P45395	16	10	62.5	771.027627604167	0.288600236646383
P45537	15	11	73.3333333333333	816.382931875	0.312168477898143
P45565	21	9	42.8571428571429	763.151596388889	0.0804964891076001
P45769	21	13	61.9047619047619	816.602595972222	-0.256837466203982
P45800	14	8	57.1428571428571	976.37925575	-0.38558739252123
P46022	23	13	56.5217391304348	779.258628541667	0.0692370129870129
P46118	21	11	52.3809523809524	818.051652395833	0.0857810490944462
P46130	11	6	54.5454545454545	1074.18146666667	-0.211181732580038
P46482	24	11	45.8333333333333	885.508886410256	0.0180664703222862
P46889	10	4	40	901.825983333334	-1.00828502415459
P50456	22	14	63.6363636363636	721.966948412699	0.11292872332346
P51981	19	8	42.1052631578947	879.356105	-0.0632668067226891
P52645	17	9	52.9411764705882	783.993043939394	-0.0973943993551837
P60560	18	9	50	952.468254807692	0.0476365486365487
P60752	17	10	58.8235294117647	885.135006944444	0.299253824606766
P60782	13	6	46.1538461538462	821.620986388889	0.27128036437247
P60785	20	8	40	760.232014	-0.188769841269841
P60869	15	9	60	910.618993666667	0.281499278231759
P60932	11	9	81.8181818181818	998.67022022549	0.7340982770937
P60955	11	11	100	1076.99905833333	0.388247269865997
P61316	17	12	70.5882352941177	789.757062	-0.477506531723637
P61320	24	16	66.6666666666667	657.0099465625	-0.830135798637637
P61889	18	10	55.5555555555556	927.59023439394	0.543950292397661
P62517	24	7	29.1666666666667	682.769291666667	-0.844579061289587
P63183	12	7	58.3333333333333	990.384298796296	0.886490444670896
P63340	13	7	53.8461538461538	767.061064166667	0.313035612741337
P63386	18	10	55.5555555555556	896.391482916667	0.416160597572362
P63389	20	12	60	741.858276296296	0.0848027648443249
P63883	23	13	56.5217391304348	733.0335346875	-0.171811564503872
P64423	19	8	42.1052631578947	961.171266518707	-0.429273525698158
P64481	16	8	50	907.302628525641	0.539243919457735
P64515	10	6	60	949.226231875	0.645753968253968
P64590	12	3	25	1039.04827666667	0.565428571428572
P64604	15	11	73.3333333333333	780.927759027778	0.0182351026224544
P64606	15	9	60	766.586013181818	0.703011560060105
P66948	15	9	60	959.537188397436	-0.259863380347251
P67244	13	4	30.7692307692308	881.9561425	1.16838768115942
P67553	21	10	47.6190476190476	895.269836736111	-0.525073722754007
P67662	21	13	61.9047619047619	839.491756666667	0.0724896364319441
P69054	9	4	44.4444444444444	727.356825	0.38094040247678
P69380	13	8	61.5384615384615	815.515090069444	-0.117290226548877
P69423	7	4	57.1428571428571	1124.03963733333	0.925501336898396
P69425	15	10	66.6666666666667	791.125162435897	-0.405539724980901
P69451	23	13	56.5217391304348	807.144649019608	0.0608334162067194
P69490	15	8	53.3333333333333	788.370553703704	-0.373584934540098
P69783	15	8	53.3333333333333	885.074763939394	0.121655517614569
P69786	11	5	45.4545454545455	936.459035416667	0.367162464222434
P69801	6	3	50	1041.30419819444	0.616666666666667
P69805	18	12	66.6666666666667	817.260042380952	-0.0912404354904355
P69829	14	6	42.8571428571429	637.04817125	0.0634875541125541
P69853	13	9	69.2307692307692	825.618091538462	-0.104512366323961
P69874	23	11	47.8260869565217	814.763966555556	-0.271798996458087
P69924	20	14	70	845.448654605263	-0.202087787404608
P69931	21	12	57.1428571428571	644.611295952381	-0.186233751569117
P75728	14	9	64.2857142857143	951.479946794872	0.154472492375158
P75780	20	10	50	730.6029375	-0.348323875307699
P75785	18	5	27.7777777777778	814.437147222222	-0.187633882246785
P75796	19	13	68.4210526315789	822.905558095238	-0.0574720578566733
P75797	23	11	47.8260869565217	884.285770384615	-0.135461134824771
P75801	20	11	55	916.064875833333	0.278472671222072
P75820	21	13	61.9047619047619	766.401989625	-0.26705284007094
P75822	20	11	55	821.589813754386	0.119110835110835
P75828	24	12	50	772.479544473684	-0.345128683068177
P75829	24	13	54.1666666666667	773.229529583334	-0.0878537813962916
P75830	21	11	52.3809523809524	745.993975138889	-0.144610601816484
P75853	19	9	47.3684210526316	938.644150333333	0.0552631935965268
P75870	14	7	50	1083.065379375	0.283026921079044
P75946	9	6	66.6666666666667	860.158894166667	-0.174052499787794
P75954	20	11	55	862.118140777778	0.113676509836384
P75957	22	8	36.3636363636364	966.685834404762	-0.000295524192582955
P76027	19	13	68.4210526315789	771.201807647059	0.143386496446697
P76176	16	7	43.75	1045.5143965	-0.191502880535027
P76182	11	3	27.2727272727273	576.5437175	-0.253787878787879
P76193	19	8	42.1052631578947	1005.05741791667	-0.0287772082190587
P76206	17	9	52.9411764705882	1036.09661969697	-0.297376253339661
P76208	14	4	28.5714285714286	895.744625833333	0.535833333333333
P76222	17	11	64.7058823529412	739.320971130952	0.225651436798496
P76269	13	6	46.1538461538462	988.6218425	0.770950701345438
P76272	21	10	47.6190476190476	928.516758333333	-0.110418213852424
P76339	21	13	61.9047619047619	801.133539444444	0.0371042812759454
P76346	14	7	50	1122.73344018519	0.271484355715013
P76350	11	6	54.5454545454545	1102.90920802083	0.327805884383164
P76373	22	14	63.6363636363636	778.6768078125	-0.0123203747055196
P76389	15	6	40	666.768380833333	0.205645743145743
P76397	23	11	47.8260869565217	830.5981425	0.0244810089627695
P76398	12	7	58.3333333333333	921.606007592593	0.271435507536348
P76406	12	6	50	706.746452916667	0.0547973322973323
P76445	17	10	58.8235294117647	965.772416666667	0.984752747252747
P76446	20	11	55	948.003752948718	0.304321742230833
P76473	16	8	50	1049.9901125	0.795770697167756
P76502	8	4	50	688.995366944444	0.560732142857143
P76506	17	13	76.4705882352941	874.916066875	-0.340159679952519
P76537	18	7	38.8888888888889	805.277765625	-0.414689330277566
P76576	21	10	47.6190476190476	766.749765833333	-0.22404200864495
P76578	25	12	48	653.082714230769	-0.155198112073112
P76586	19	10	52.6315789473684	959.308546363636	-0.196082183834472
P76630	13	4	30.7692307692308	931.341705	0.281872009569378
P77173	12	5	41.6666666666667	1108.19971093056	-0.373684174360188
P77202	22	14	63.6363636363636	703.926139351852	-0.337322122322122
P77265	20	10	50	720.2110635	0.000308022308022254
P77279	21	14	66.6666666666667	786.409012352941	-0.285198848770277
P77285	16	9	56.25	748.320895128205	-0.225981219073324
P77304	14	9	64.2857142857143	1059.90830333333	0.375131505270628
P77338	21	12	57.1428571428571	838.932178690476	-0.331287290441508
P77444	17	12	70.5882352941177	897.549061575758	0.099479492658822
P77473	16	7	43.75	1038.96046991667	-0.0789175813871051
P77499	21	14	66.6666666666667	732.636873377193	-0.289565310641176
P77509	21	11	52.3809523809524	820.517537051282	0.247288404641379
P77510	25	14	56	696.634761222222	-0.0588092066663496
P77522	20	11	55	790.150448630952	-0.334869760518428
P77689	19	10	52.6315789473684	880.786049833333	0.233456495796086
P77726	17	9	52.9411764705882	827.776154583333	-0.115737509728738
P77737	16	13	81.25	878.287794958334	-0.245588369129873
P77756	21	11	52.3809523809524	759.0437815	-0.115004085961024
P77757	20	12	60	707.679473555556	-1.04975329784153
P77774	21	10	47.6190476190476	878.96297224359	-0.0671670274170274
P77804	13	8	61.5384615384615	1066.58247534432	-0.153650087218636
Q46824	23	12	52.1739130434783	809.491378333333	-0.210782719602379
Q46845	21	12	57.1428571428571	778.718008842593	-0.39563647001147
Q46927	18	13	72.2222222222222	832.763052824074	-0.113401607726507
Q47146	22	13	59.0909090909091	678.266586960784	-0.133969774820454
Q47622	21	12	57.1428571428571	714.682147222222	-0.11045736845365
Q47710	21	12	57.1428571428571	640.553194607843	-0.116793931830697
P00634	19	16	84.2105263157895	712.925018	-0.262350917382678
P00909	22	13	59.0909090909091	774.3375828125	-0.230727092895301
P02919	26	11	42.3076923076923	752.298482820513	-0.21997766321929
P02929	19	9	47.3684210526316	656.020889583333	-0.619069476275359
P03004	20	12	60	845.815034285714	-0.159636975343497
P03819	13	8	61.5384615384615	1069.06334583333	0.976691997071029
P03960	18	5	27.7777777777778	752.978961	-0.0747380952380953
P04846	18	9	50	968.786823119048	-0.0106069601753746
P05704	21	16	76.1904761904762	750.227972938597	-0.249624066905317
P05825	22	9	40.9090909090909	814.532980833334	-0.533233043759359
P06959	14	10	71.4285714285714	901.7026635	0.23661395113601
P07024	19	10	52.6315789473684	907.809760244444	-0.152494453259159
P07117	14	5	35.7142857142857	960.485225555556	0.456008771929824
P08555	15	6	40	1047.95864141667	0.95644483390173
P08722	14	5	35.7142857142857	1031.89048714286	0.312383808095952
P09127	20	13	65	760.355082307692	-0.154900369356891
P09323	11	7	63.6363636363636	1094.92441453704	0.86570776856087
P09551	20	12	60	804.640606666667	0.0441103411981895
P09835	13	7	53.8461538461538	1276.43658925	0.956272147317746
P0A698	24	11	45.8333333333333	780.396154277778	0.157156454656455
P0A6A8	5	3	60	588.968033333333	-0.0596560846560847
P0A6E6	9	5	55.5555555555556	1013.01494506944	-0.370332374135513
P0A6M2	12	7	58.3333333333333	949.670019444444	0.455634920634921
P0A6S5	10	6	60	782.859119523809	-0.785925925925926
P0A6U3	22	10	45.4545454545455	888.991809615384	0.206987061597406
P0A6W3	13	8	61.5384615384615	695.60568537037	0.452483141858142
P0A742	13	6	46.1538461538462	816.109553055555	0.648178811928812
P0A7A2	15	13	86.6666666666667	756.705219814815	-0.365330162547357
P0A7A7	31	12	38.7096774193548	714.979014444444	0.0443086620169952
P0A830	13	6	46.1538461538462	1084.86042928571	1.04524426172292
P0A843	8	5	62.5	551.191416	0.342363636363636
P0A8D9	14	5	35.7142857142857	785.708746666667	-0.15032380952381
P0A8G6	14	10	71.4285714285714	892.445974166667	-0.132571058726521
P0A8K1	22	9	40.9090909090909	802.730283809524	0.0953092278092278
P0A8K8	18	8	44.4444444444444	1016.82191537037	0.638204528807343
P0A8Q0	11	5	45.4545454545455	775.380578055556	0.182339572192513
P0A8Q3	7	4	57.1428571428571	656.547447	0.258273915626857
P0A903	17	13	76.4705882352941	789.170532604167	-0.404683881649826
P0A905	9	6	66.6666666666667	1017.32363916667	0.181766862170088
P0A910	17	11	64.7058823529412	957.414913333333	-0.205154629342918
P0A932	19	11	57.8947368421053	990.625858076923	-0.0222132034632034
P0A9A6	17	11	64.7058823529412	819.277304666667	0.280899560321
P0A9M8	19	14	73.6842105263158	729.605005462963	-0.204881743515284
P0A9S3	18	11	61.1111111111111	901.123911392857	0.224960536608758
P0A9T8	19	11	57.8947368421053	843.133387631579	-0.068691182554819
P0AA60	12	6	50	954.302037380952	0.686031746031746
P0AA67	9	4	44.4444444444444	1037.14498666667	1.27527976190476
P0AA82	10	4	40	1168.11113375	0.312375222816399
P0AA86	16	7	43.75	794.296437166667	-0.243127705627706
P0AAA1	11	9	81.8181818181818	932.010863939394	0.114257350750994
P0AAE2	13	4	30.7692307692308	899.614975	0.762407200642495
P0AAG0	19	10	52.6315789473684	747.335908166666	0.161136273209549
P0AAG8	24	15	62.5	676.240685526316	-0.017035175608705
P0AAI1	20	11	55	823.921906470588	0.238109897542588
P0AAI3	25	9	36	792.508439444444	0.0107650579872802
P0AAS3	10	3	30	972.074621333334	-0.466666666666667
P0AB01	18	11	61.1111111111111	925.864746923077	0.244948514982471
P0ABA0	18	10	55.5555555555556	646.979529	-0.137402977457325
P0ABA4	16	7	43.75	706.392123333333	0.393916519987949
P0ABB0	22	15	68.1818181818182	735.049595740741	0.288751363451363
P0ABC9	13	8	61.5384615384615	796.389666041667	0.403279409882232
P0ABG4	21	11	52.3809523809524	856.212570757576	0.768351180410004
P0ABG7	14	10	71.4285714285714	892.543530972222	0.557259768009768
P0ABK2	12	5	41.6666666666667	1174.011417	0.805887838338895
P0ABM1	12	8	66.6666666666667	1104.045948125	0.66445331181253
P0ABM5	6	1	16.6666666666667	1457.61417958333	1.2
P0ABN1	10	6	60	893.868718809524	0.570850327879313
P0ABN5	13	6	46.1538461538462	939.639924583333	0.47244301994302
P0ABP6	15	5	33.3333333333333	785.937029166667	0.150833333333333
P0ABZ6	20	10	50	760.3809265	-0.267689267254485
P0AC47	19	10	52.6315789473684	938.537171555556	-0.255852669065169
P0AC78	10	4	40	1188.06228633333	0.9779375
P0ACD8	19	14	73.6842105263158	769.195943614035	-0.0664542215487594
P0ACS7	22	12	54.5454545454545	838.624611990741	0.0588317652329748
P0ACU0	20	11	55	856.234903258333	-0.218242704265432
P0ACV4	8	2	25	1067.62526888889	0.953846153846154
P0AD42	20	8	40	863.887340454545	0.191233766233766
P0AD44	21	12	57.1428571428571	828.782652236842	-0.643858629293412
P0ADA1	18	13	72.2222222222222	752.934693277778	-0.108817442117037
P0ADA3	11	4	36.3636363636364	642.56336	-0.584496753246753
P0ADB7	4	2	50	1002.765555	0.600717703349282
P0ADC1	22	9	40.9090909090909	766.234434333333	-0.278392255892256
P0ADC3	20	12	60	932.597462820513	0.103810495201215
P0ADG7	26	7	26.9230769230769	939.171292575758	0.327720839531985
P0ADN6	7	3	42.8571428571429	801.169376666667	-0.108725490196078
P0ADQ2	21	13	61.9047619047619	776.75730381746	-0.327284610814023
P0ADQ7	11	4	36.3636363636364	870.331963888889	-0.251609848484849
P0ADT8	21	13	61.9047619047619	754.629163888889	-0.392659174296891
P0ADW3	13	9	69.2307692307692	704.858298	-0.559684714341577
P0ADX7	11	7	63.6363636363636	793.175881851852	-1.31241452991453
P0AE06	20	10	50	785.818035757576	0.0134289120702164
P0AE22	20	11	55	928.671575059524	-0.405834645152827
P0AE26	13	5	38.4615384615385	601.118696	0.463217948717949
P0AE30	11	8	72.7272727272727	990.651661481481	0.811978164454187
P0AE85	18	9	50	690.509612261905	-0.740744631185808
P0AE88	21	10	47.6190476190476	824.912745256411	-0.286238125909179
P0AEC5	21	12	57.1428571428571	838.785127	-0.0816175618971672
P0AEE3	15	12	80	853.592974222222	0.148211420089504
P0AEG1	13	7	53.8461538461538	969.651956851852	0.302448830409357
P0AEH5	11	5	45.4545454545455	843.175861785715	-0.734622082897945
P0AEM9	22	15	68.1818181818182	664.119729895833	-0.0405831564949212
P0AEN4	14	7	50	696.397763541667	-0.289499646012251
P0AEP1	16	4	25	1480.176375	1.21465193965517
P0AEQ6	16	12	75	906.792637179487	0.939992323391923
P0AER8	12	9	75	1059.83140930556	0.863448872115539
P0AEU3	16	11	68.75	1028.55206077381	0.701405655854592
P0AEU7	22	7	31.8181818181818	742.015043571429	-0.200619047619048
P0AF16	16	7	43.75	779.552843571429	0.853965281794229
P0AF36	9	4	44.4444444444444	752.093751333333	-1.10830409356725
P0AF43	11	2	18.1818181818182	1012.46454604167	1.67840909090909
P0AF52	11	5	45.4545454545455	1210.70071178571	1.03484728175051
P0AF54	7	5	71.4285714285714	651.231739	-0.430692640692641
P0AF73	5	3	60	1021.381045	0.99259943977591
P0AF98	16	9	56.25	843.536631041667	0.220675623825779
P0AFA7	17	9	52.9411764705882	917.64454375	0.359987042544514
P0AFE0	8	4	50	1153.93887566667	0.961341089466089
P0AFE4	3	2	66.6666666666667	975.950476666667	0.548666666666667
P0AFH2	19	11	57.8947368421053	833.577506547619	0.616526436348724
P0AFH6	15	6	40	823.183098333333	0.300660552897395
P0AFI9	17	10	58.8235294117647	679.3463465	0.140825757575758
P0AFL3	17	8	47.0588235294118	938.562569358974	-0.146730612541539
P0AFN6	11	5	45.4545454545455	1134.25481380952	1.10847788580119
P0AFR2	14	6	42.8571428571429	886.768661833333	0.8019371529974
P0AFS5	13	8	61.5384615384615	917.206740972222	1.13147568503208
P0AFS7	15	6	40	843.943448833333	0.493729917743076
P0AFX7	12	10	83.3333333333333	917.911401428571	-0.582481266361722
P0AG14	22	13	59.0909090909091	723.943994537037	0.123159565600157
P0AG34	15	7	46.6666666666667	889.33981875	0.719147140838317
P0AG38	12	8	66.6666666666667	1105.01663818182	0.912631493506493
P0AG96	12	6	50	891.431890238095	1.03683305485937
P0AGE4	12	7	58.3333333333333	1002.84307825	0.956773485313858
P0AGH1	16	7	43.75	946.1243715	-0.166558435817057
P0AGH8	10	7	70	702.71088125	0.712658036408036
P0AGI1	11	6	54.5454545454545	815.487477857143	0.183828856328856
P0AGI8	22	8	36.3636363636364	927.047643484849	-0.182703283635589
P0AGK1	14	5	35.7142857142857	764.143685277778	-0.182294372294372
P0C0S1	16	9	56.25	814.91998	0.675921756816422
P0C0T5	19	10	52.6315789473684	804.059704583333	0.0803013771999065
P0C0V0	16	6	37.5	825.518238333333	0.233487394957983
P0CE47	19	13	68.4210526315789	767.574161622807	-0.152549468064769
P0CE48	19	13	68.4210526315789	767.574161622807	-0.152549468064769
P10100	17	7	41.1764705882353	933.057695476191	-0.527839620696764
P10384	12	5	41.6666666666667	1157.23078083333	0.0291374849059859
P11557	17	5	29.4117647058824	923.28582	-0.91779797979798
P13035	22	15	68.1818181818182	648.675600740741	-0.160674510674511
P13036	18	7	38.8888888888889	930.725552727273	-0.145487248693229
P13458	24	9	37.5	827.662008194444	-0.352843055350795
P13482	18	11	61.1111111111111	794.360381519608	-0.654584225353814
P13738	12	8	66.6666666666667	1019.17479145833	0.965255852824082
P14175	25	10	40	780.03569375	-0.117520562770563
P14176	7	3	42.8571428571429	1349.03567483333	0.362098641962312
P14377	25	9	36	931.253602924243	-0.169925312207921
P15028	15	7	46.6666666666667	936.632591180556	0.237066477583719
P15029	14	8	57.1428571428571	1016.05683090278	0.978260785673313
P15031	18	14	77.7777777777778	782.458952592593	-0.0703160789675568
P15286	21	16	76.1904761904762	648.785691287879	-0.37230252131447
P16869	18	8	44.4444444444444	848.77683375	-0.433723069693465
P16926	22	14	63.6363636363636	743.576584166667	0.213774370470799
P17315	22	8	36.3636363636364	851.958798333333	-0.532331574675325
P17444	16	10	62.5	957.713580486111	-0.463902306325908
P18775	25	9	36	767.081140606061	-0.0398142865906023
P18777	10	6	60	1284.44285208333	1.08922528860029
P19926	18	10	55.5555555555556	840.542356282051	-0.466274747877652
P19934	25	8	32	623.738016041667	-0.862091727716728
P20966	19	11	57.8947368421053	791.925592555556	-0.133732579245902
P21365	11	6	54.5454545454545	517.853741666667	0.369903846153846
P21367	17	8	47.0588235294118	889.126538055556	-0.148841459709881
P21513	27	11	40.7407407407407	730.339279114583	-0.187654712082461
P21865	21	12	57.1428571428571	725.9060090625	-0.00548828023828026
P22255	16	11	68.75	843.412713675926	-0.167010138983823
P23200	11	5	45.4545454545455	893.786401	0.768361638361639
P23827	17	8	47.0588235294118	837.420533518518	-0.00898573104455457
P23842	15	7	46.6666666666667	916.090843541667	1.14790349337545
P23876	11	7	63.6363636363636	1025.64601214286	1.07467556416364
P23890	17	9	52.9411764705882	773.795240151515	-0.0540821322143161
P24207	10	6	60	941.237395185185	0.258224452575139
P25396	11	6	54.5454545454545	1091.81119722222	0.650996968835844
P25552	19	11	57.8947368421053	760.284089642857	-0.0092284084867817
P25744	14	4	28.5714285714286	928.35597	0.1571872909699
P25894	17	11	64.7058823529412	830.890507166667	-0.299806358516036
P27125	11	4	36.3636363636364	1000.51238766667	0.749013949013949
P27243	15	11	73.3333333333333	998.097595119048	0.421836395605818
P27250	15	8	53.3333333333333	942.727619988095	0.266906151000979
P27300	24	12	50	797.973463333333	0.280030311010703
P27303	20	15	75	780.647365416667	-0.301364117364117
P27434	16	6	37.5	822.285899375	-0.0618069584736251
P27837	10	7	70	983.2250445	0.637253133847818
P28246	12	4	33.3333333333333	831.011745666667	0.493082706766917
P29131	22	12	54.5454545454545	806.334744558823	-1.16710885958976
P30126	18	10	55.5555555555556	826.63631984375	-0.093091916253681
P30149	15	4	26.6666666666667	806.460825	0.442301274576817
P30860	22	12	54.5454545454545	810.265415208333	-0.155784189007873
P31224	11	8	72.7272727272727	1109.33821703704	0.199291167809962
P31437	9	6	66.6666666666667	1116.00346619048	1.07566096866097
P31547	10	7	70	925.885769047619	1.0068031968032
P31548	19	13	68.4210526315789	802.715608240741	-0.0258714092924619
P31550	21	10	47.6190476190476	785.526576363636	-0.185418564742094
P31680	26	13	50	797.896369259259	-0.265631232914198
P31801	10	5	50	844.127657413059	0.0163753387533874
P31827	16	7	43.75	835.06611875	-0.462548562548562
P31828	20	12	60	791.5031364	-0.0931148141074611
P32135	15	8	53.3333333333333	900.691406041666	0.297433035714286
P32176	24	10	41.6666666666667	748.1020775	-0.118385780885781
P32703	12	5	41.6666666666667	976.813313	0.827333584290106
P32705	15	6	40	1170.53933055556	1.1900348583878
P33015	14	6	42.8571428571429	1088.33111009259	0.908666255242342
P33218	22	11	50	832.787879102564	-0.00792403255693138
P33366	16	7	43.75	893.4515865	0.882261904761905
P33913	22	14	63.6363636363636	769.182248777778	-0.0855851200129175
P33931	18	9	50	887.8156509375	-0.177423723335488
P33941	19	10	52.6315789473684	991.377590833333	0.703632471546288
P36561	18	8	44.4444444444444	709.479585666667	0.846599493409707
P36649	16	9	56.25	943.061272261905	0.09407895037539
P36655	13	4	30.7692307692308	1056.48604833333	-0.240722049689441
P37001	14	6	42.8571428571429	891.249591969697	-0.132247468218056
P37002	6	6	100	1154.3944352381	0.770135843079922
P37019	20	11	55	847.205894551282	0.518475189842837
P37147	15	5	33.3333333333333	1139.878972	0.523367284889024
P37188	7	4	57.1428571428571	933.772485476191	0.346082236842105
P37327	17	9	52.9411764705882	1141.16059136364	0.332625981609383
P37349	18	12	66.6666666666667	798.017922142857	0.178662432249323
P37597	12	4	33.3333333333333	1329.28778	0.775078255078255
P37615	13	6	46.1538461538462	737.820654259259	-0.701378278584161
P37617	17	9	52.9411764705882	777.690180185185	-0.309106632313997
P37626	31	11	35.4838709677419	645.027346944445	-0.0270464384100748
P37645	23	13	56.5217391304348	781.61369854386	-0.139344007357008
P37650	23	12	52.1739130434783	691.113588076923	-0.477728669750729
P37659	9	5	55.5555555555556	1311.19027964286	0.538637870538415
P37665	19	7	36.8421052631579	1029.47077229167	0.262030183438852
P37744	18	15	83.3333333333333	756.240286666667	-0.104945415695416
P37751	26	15	57.6923076923077	666.397280458333	0.0679605024605025
P37774	24	9	37.5	843.561646760417	0.0360396726928985
P37902	21	12	57.1428571428571	791.144679583333	-0.265378151260504
P38097	11	4	36.3636363636364	1267.84713657143	0.815654761904762
P38134	18	9	50	835.005713	-0.205031665864999
P39099	15	9	60	839.147126333333	-0.0373921757255091
P39172	14	10	71.4285714285714	829.877256453704	-0.245325980392157
P39270	14	5	35.7142857142857	1044.56233268519	0.916099567099567
P39297	9	5	55.5555555555556	1007.39895555556	-0.18161501896796
P39310	15	9	60	871.486006041667	-0.400918499953588
P39365	13	8	61.5384615384615	1126.58954240741	0.637264088463216
P39382	19	12	63.1578947368421	765.609812303922	-0.11464254425622
P39385	22	12	54.5454545454545	808.280301444445	0.449188451634572
P39396	14	8	57.1428571428571	1057.2697595	0.842681089165464
P39401	13	7	53.8461538461538	867.936383727273	0.322564455872727
P39451	20	9	45	927.788752055556	-0.00854312970979639
P39830	13	6	46.1538461538462	904.921863981481	1.01678113553114
P39835	13	8	61.5384615384615	918.61152737037	1.08772792448779
P40120	18	13	72.2222222222222	829.319085277778	-0.327801650291529
P41441	23	13	56.5217391304348	737.100461764706	-0.14455831318696
P42628	13	6	46.1538461538462	806.043265476191	0.215149113132984
P43672	21	11	52.3809523809524	862.248789411765	-0.564157004774307
P45464	20	12	60	680.215168974359	-0.239752648145505
P45522	12	5	41.6666666666667	863.433600666667	1.07715384615385
P45523	31	12	38.7096774193548	716.755494880953	-0.371131455350205
P45566	7	2	28.5714285714286	1476.5306	1.39538123167155
P45568	20	11	55	738.320870347222	-0.417310770038043
P45955	17	8	47.0588235294118	1060.75858983333	-0.326819800569801
P46122	13	8	61.5384615384615	725.851358148148	0.0613389059770638
P46187	11	4	36.3636363636364	892.784430666667	0.193080808080808
P46474	19	13	68.4210526315789	829.542052541667	-0.177753117643316
P52067	13	6	46.1538461538462	1059.63442047619	0.309102215766689
P52094	14	6	42.8571428571429	638.214108333333	0.639046092796093
P52101	22	8	36.3636363636364	830.033052166667	-0.118505608974359
P52644	13	8	61.5384615384615	714.954685333333	-0.158347953216374
P55734	13	8	61.5384615384615	683.894450757576	-0.352152698200492
P56258	23	14	60.8695652173913	683.087355433333	0.166021412552262
P60632	8	4	50	1074.80114366667	0.806613230519481
P62723	12	7	58.3333333333333	1078.05305260417	0.869355229271196
P64429	20	8	40	919.151889939394	-0.788577265581313
P64432	10	6	60	1147.29232814815	1.06444673967692
P64448	8	4	50	643.216495	0.226319444444444
P64451	21	12	57.1428571428571	792.8252353125	-0.221878404139433
P64493	5	3	60	1059.64300722222	-0.0613756613756614
P64499	9	3	33.3333333333333	664.98849	-0.879398148148148
P64506	11	4	36.3636363636364	1170.54184233333	0.228972222222222
P64545	7	4	57.1428571428571	665.205051111111	0.0837660256410256
P64564	9	7	77.7777777777778	1036.92142759259	1.1009187824634
P64581	14	4	28.5714285714286	744.0067975	-0.359239130434783
P64585	13	7	53.8461538461538	618.321622708333	-0.183571428571429
P64596	19	9	47.3684210526316	822.929656666667	0.214552667070727
P64602	8	4	50	656.691645	0.195505964623612
P64631	10	5	50	850.346888333333	0.460042819499341
P65292	7	2	28.5714285714286	1098.6299125	-0.176666666666667
P65294	5	3	60	1124.4989255	-0.0962733204668687
P68699	4	2	50	1114.0895	0.679901960784314
P69411	12	6	50	846.665196041667	0.0837794486215539
P69428	11	5	45.4545454545455	680.547676	-0.459392976588629
P69741	14	8	57.1428571428571	858.081273635417	-0.0325291783380018
P69776	10	3	30	812.919341666667	0.121031746031746
P69797	21	11	52.3809523809524	858.621765111111	0.236394581971219
P69811	16	9	56.25	918.251324305556	-0.0962325144767937
P69828	11	8	72.7272727272727	809.424614344444	0.0770761639676113
P69831	15	8	53.3333333333333	1071.03774591667	0.629095382104454
P75691	19	12	63.1578947368421	781.541350439394	-0.166139113008308
P75749	23	12	52.1739130434783	669.821552179487	-0.337281407318172
P75777	21	12	57.1428571428571	815.192255892857	-0.273335049210049
P75783	16	8	50	858.40342315	0.0459350160040566
P75798	16	8	50	950.6010295	0.600172466422466
P75818	17	8	47.0588235294118	811.064951515152	-0.166535714285714
P75826	11	4	36.3636363636364	900.6317075	0.28313492063492
P75831	20	11	55	864.529297303922	-0.0985206308686467
P75925	12	5	41.6666666666667	1084.31656342857	0.490866436810709
P75958	18	9	50	1006.61983147436	0.100803939368477
P76002	16	7	43.75	757.413659666667	-0.367509781690454
P76007	7	1	14.2857142857143	1535.83611	1.31379310344828
P76091	14	4	28.5714285714286	813.366069	1.16587009803922
P76115	17	5	29.4117647058824	983.682108	-0.599442640692641
P76116	20	9	45	918.052105	-0.276106684794709
P76170	16	6	37.5	714.998518571428	-0.848978758169935
P76173	12	4	33.3333333333333	1105.71277633333	0.773608294930876
P76177	23	14	60.8695652173913	684.973775952381	-0.0558426979244648
P76185	21	12	57.1428571428571	906.635279833333	-0.084929032892395
P76223	18	13	72.2222222222222	832.396646	-0.281458970767794
P76237	20	10	50	763.84037125	-0.337242179863148
P76250	22	17	77.2727272727273	629.589250681818	0.227385520396356
P76298	14	9	64.2857142857143	813.042358666667	0.699077999170878
P76299	20	10	50	949.850333630952	0.0801207757296467
P76330	22	13	59.0909090909091	762.230051666667	-0.344869287951867
P76345	15	7	46.6666666666667	997.867947714286	0.385677656619869
P76372	19	11	57.8947368421053	894.539695138889	-0.336210618085618
P76399	13	7	53.8461538461538	911.791081851852	0.0537353697459845
P76469	16	7	43.75	1056.91389133333	-0.152869987155701
P76471	10	5	50	1182.82386777778	-0.026500814000814
P76538	10	5	50	721.047342619048	0.552380952380952
P76551	17	10	58.8235294117647	915.482752833334	0.11311156049882
P76909	18	10	55.5555555555556	861.235489242424	-0.00437058034271659
P77179	14	6	42.8571428571429	922.762608809524	0.193004850088183
P77245	23	14	60.8695652173913	720.754024754902	0.265645738380484
P77272	16	7	43.75	871.8039175	0.209963909682308
P77307	17	8	47.0588235294118	875.683774083333	0.744955341558602
P77309	17	12	70.5882352941177	876.575530777778	0.0540240662115662
P77318	21	10	47.6190476190476	865.282662738096	-0.282925486063644
P77333	24	8	33.3333333333333	948.491957347222	0.27966665363769
P77348	21	12	57.1428571428571	868.12578375	0.0691163959270577
P77374	24	7	29.1666666666667	877.496467916667	-0.0615846927399723
P77439	16	11	68.75	936.172615277778	-0.171151974226154
P77485	17	11	64.7058823529412	849.394417340909	-0.0178414632974751
P77504	24	12	50	824.0729625	-0.220895724894381
P77529	15	7	46.6666666666667	986.502031666666	0.737080491397261
P77541	18	10	55.5555555555556	935.862951666667	-0.0347762620521242
P77549	12	9	75	1048.75976263889	0.677172981325353
P77562	23	7	30.4347826086957	875.485145333333	0.363259794813503
P77611	23	11	47.8260869565217	779.800739382353	-0.220179089252056
P77717	29	10	34.4827586206897	735.825576	-0.302110760971055
P77754	22	11	50	779.979636055556	0.0369182429089244
P77783	11	5	45.4545454545455	905.921541167749	-0.231070318570319
Q2MB16	12	7	58.3333333333333	840.028169259259	0.687111111111111
Q46798	18	9	50	893.356044	-0.0299321905939553
Q46832	21	14	66.6666666666667	800.051736785714	-0.0377507288851827
Q46835	13	4	30.7692307692308	631.212102777778	0.00946969696969691
Q46837	10	4	40	862.677335333333	0.814231601731602
Q47538	16	8	50	995.273019074074	0.958562444499945
Q59385	22	11	50	851.962348452381	0.100752505070687
Q6BEX5	12	8	66.6666666666667	831.282068666667	0.299865667420815
