Entry Name	Total #Tryptic Peptides	# Detectable Tryptic Peptides	Detectable(%)	mean gravy	mean m/z
P00363	16	10	62.5	0.0405257416731874	897.551238265664
P00393	20	13	65	-0.0592532950687583	765.80373344617
P00550	12	4	33.3333333333333	0.896773504273504	1177.52460059524
P00561	20	14	70	0.292941667250878	715.767834958333
P00803	21	7	33.3333333333333	0.242673469387755	928.013767916666
P00804	9	7	77.7777777777778	0.813958365164247	1105.98927185185
P00811	18	12	66.6666666666667	-0.173015052874967	919.028075
P02918	23	14	60.8695652173913	0.163526790669648	740.923202892157
P02925	21	12	57.1428571428571	0.244366148827536	811.196731333333
P02930	18	11	61.1111111111111	-0.585725781395638	828.19088
P02931	18	9	50	-0.173151250982133	954.507396666667
P03961	11	5	45.4545454545455	0.0242410729367251	1100.91444930556
P04825	23	13	56.5217391304348	-0.329348030137504	789.906196342592
P04968	19	13	68.4210526315789	0.232426570828862	759.85632254902
P04983	28	14	50	0.075418051836119	703.838525888889
P05458	20	11	55	-0.150757414995383	835.583292111111
P06136	25	10	40	-0.464547739297739	828.675871805556
P06149	24	11	45.8333333333333	-0.0859297565179919	799.788247777778
P06282	20	15	75	-0.200961329030447	770.291382561403
P06611	18	8	44.4444444444444	-0.195715262066365	838.361177416667
P06616	24	10	41.6666666666667	0.0734370199116329	775.185423697917
P06709	19	10	52.6315789473684	0.160401394901395	914.012339242424
P07000	24	14	58.3333333333333	-0.0242929234630916	709.094487261905
P07001	21	11	52.3809523809524	0.0708811080546723	773.433810909091
P07003	15	10	66.6666666666667	0.067204365079365	939.361778973684
P07014	23	16	69.5652173913043	-0.336788452560511	676.969565964912
P07109	26	10	38.4615384615385	-0.0428499417249417	803.211322388889
P07650	17	13	76.4705882352941	0.20115748602101	780.228763645833
P07654	15	9	60	0.687967372134039	801.170483703704
P07821	23	12	52.1739130434783	0.0506993994567524	742.571804875
P07822	14	9	64.2857142857143	0.143385962822065	1086.79722102564
P08200	26	13	50	-0.257306895383819	682.779146764706
P08331	23	12	52.1739130434783	0.0136077008207763	824.845450238095
P08395	27	12	44.4444444444444	0.117429075554076	807.595982333333
P08400	20	12	60	-0.221552754147231	745.347426041667
P08401	19	10	52.6315789473684	0.176491441066254	900.348606559524
P08506	19	12	63.1578947368421	0.0674033578077696	797.623893020833
P08839	21	11	52.3809523809524	-0.0444087652159752	865.74160125
P09152	30	9	30	-0.870696593854489	746.808333461538
P09391	16	9	56.25	0.128208168642951	839.705325358975
P09394	27	11	40.7407407407407	-0.46277915173609	703.9475625
P09546	21	10	47.6190476190476	-0.0805887445887446	642.814667435897
P09549	21	9	42.8571428571429	-0.200941639507283	814.481800416667
P0A6A0	30	11	36.6666666666667	0.226511619693438	674.029354047619
P0A6H8	23	9	39.1304347826087	0.37494477987899	982.926718888889
P0A6J1	17	9	52.9411764705882	-0.0168553443553444	780.097975977778
P0A6J3	14	6	42.8571428571429	0.209604349139233	766.306226111111
P0A6J5	22	12	54.5454545454545	-0.516303158982662	793.801529
P0A6Q6	14	7	50	0.206983082706767	839.081126916667
P0A6X3	7	5	71.4285714285714	-0.054775176514307	894.41841834127
P0A6Y8	20	12	60	-0.151672054797055	873.597889583333
P0A6Z3	26	12	46.1538461538462	-0.401236618319952	721.534054460784
P0A734	8	6	75	0.260208333333333	683.87555
P0A756	15	9	60	-0.168681630642415	858.212919960784
P0A759	22	12	54.5454545454545	-0.200103045647163	853.716188518519
P0A766	9	6	66.6666666666667	1.12758838383838	859.385599166667
P0A7B1	29	15	51.7241379310345	-0.279303612566771	683.323743627451
P0A7B3	16	9	56.25	0.100434275238197	930.039905059524
P0A7E1	20	15	75	-0.220741242329952	684.415339166667
P0A7E5	19	12	63.1578947368421	0.13484570802005	832.655798039216
P0A7J0	16	11	68.75	-0.010977707288449	771.900432604167
P0A855	19	7	36.8421052631579	-0.0755246842326675	799.4618115
P0A879	22	13	59.0909090909091	-0.306562001347069	791.194347107843
P0A8R7	17	7	41.1764705882353	-0.824161537084469	770.430442
P0A8U0	10	7	70	-0.246814058956916	882.938786527778
P0A8X2	18	11	61.1111111111111	-0.367658179932651	754.636562888889
P0A8Z3	14	7	50	-0.17741284250601	804.62396037037
P0A901	21	12	57.1428571428571	-0.0993202861952862	618.352910416667
P0A908	18	10	55.5555555555556	-0.329806528742289	992.216828717948
P0A912	16	8	50	-0.36946158008658	794.002372954545
P0A917	13	7	53.8461538461538	-0.624854156574911	824.572258809524
P0A921	18	13	72.2222222222222	-0.351526156875665	842.8122665625
P0A924	21	12	57.1428571428571	0.315821262071262	911.005147916667
P0A935	23	7	30.4347826086957	-0.36864659060105	1023.715335
P0A937	7	4	57.1428571428571	0.00944700460829495	1184.888354
P0A940	24	14	58.3333333333333	-0.0337711809665592	694.683862604167
P0A9J4	13	9	69.2307692307692	-0.139662962119102	852.977806813726
P0A9K7	25	14	56	-0.269923989409284	712.285015350877
P0A9M5	14	6	42.8571428571429	0.000610722610722601	685.862443833333
P0A9P0	24	9	37.5	0.275014252269154	869.273035625
P0A9P4	22	12	54.5454545454545	-0.207589751047669	823.422215989583
P0A9Q9	14	8	57.1428571428571	0.0719628527082612	1035.439548
P0A9R7	21	10	47.6190476190476	-0.0690750377073907	751.417766875
P0A9S7	21	14	66.6666666666667	-0.116548316296216	727.153766710526
P0A9U1	16	11	68.75	0.143755222421666	942.000788645833
P0A9U3	19	12	63.1578947368421	-0.27763630742855	869.390081203704
P0A9V1	20	12	60	-0.0282793040293041	770.554413263158
P0A9W3	21	12	57.1428571428571	-0.323227358189626	745.686366031746
P0A9X1	20	14	70	-0.00606467037802735	695.255839275
P0A9X4	19	12	63.1578947368421	-0.0442740130240131	634.219204444444
P0AA53	24	11	45.8333333333333	0.252145828028181	850.509350555556
P0AA73	14	6	42.8571428571429	1.12973336385836	1263.54193305556
P0AA84	26	9	34.6153846153846	-0.317178123600537	849.639671515152
P0AA91	17	10	58.8235294117647	-0.0723531533825652	864.241045833333
P0AA93	18	9	50	1.08751971412366	1063.71321121212
P0AA95	10	5	50	-0.271766233766234	735.654945
P0AAB4	27	10	37.037037037037	-0.158565039180768	738.6296275
P0AAB6	19	10	52.6315789473684	0.224731354235144	934.462579222222
P0AAC4	12	6	50	0.630154292835452	1072.74747
P0AAC6	8	4	50	0.435140625	987.842556875
P0AAD6	11	6	54.5454545454545	0.605717120181406	999.538977619048
P0AAE0	10	6	60	0.676500550939575	1004.26680802083
P0AAF3	22	10	45.4545454545455	0.0496638861138861	806.996150347222
P0AAF6	19	9	47.3684210526316	-0.243594962231644	953.193087564103
P0AAG5	18	13	72.2222222222222	0.545403792173569	894.210378928571
P0AAH0	23	14	60.8695652173913	-0.211979372908584	766.688106851852
P0AAH4	29	13	44.8275862068966	-0.168790555598248	739.023008111111
P0AAH8	22	14	63.6363636363636	-0.0192436397635978	760.634148257576
P0AAJ1	18	12	66.6666666666667	-0.238873656980275	730.9664709375
P0AAJ5	21	14	66.6666666666667	-0.332850734269907	641.306791388889
P0AAJ8	19	13	68.4210526315789	-0.562171717171717	768.094198921569
P0AAS0	15	6	40	0.112353757353757	672.586655833333
P0AAT4	15	7	46.6666666666667	0.496154335113145	969.105912277778
P0AAV0	7	3	42.8571428571429	0.975858585858586	1004.47614877778
P0AAX8	18	9	50	-0.203202103106036	868.630051515152
P0AB06	22	12	54.5454545454545	-0.229615040460629	640.5336709375
P0AB10	11	7	63.6363636363636	-0.0654417151475975	1016.64391270833
P0AB12	9	5	55.5555555555556	0.523092145949289	873.097687777778
P0AB24	24	12	50	-0.383911181411181	746.467401282051
P0AB26	16	7	43.75	-0.271508463493253	855.055671666667
P0AB38	13	9	69.2307692307692	-0.17980881691408	897.217563136364
P0AB58	24	10	41.6666666666667	-0.035722312689031	839.563013333333
P0AB67	10	4	40	1.23485619772384	1000.60613205556
P0AB98	13	5	38.4615384615385	0.779577554599075	1145.89899208333
P0ABA6	26	14	53.8461538461538	-0.0950552027337742	675.722339270833
P0ABB4	22	15	68.1818181818182	-0.0341930008988833	709.821735462963
P0ABB8	21	9	42.8571428571429	-0.364339426006093	830.856083472222
P0ABF1	31	11	35.4838709677419	-0.553289172128181	683.722032435897
P0ABF6	17	11	64.7058823529412	-0.0712212787212788	888.288367380953
P0ABF8	11	7	63.6363636363636	0.659347788643141	904.682970925926
P0ABH0	21	10	47.6190476190476	0.33778964864028	931.985796190476
P0ABI4	20	11	55	-0.312579696836614	941.888136988889
P0ABI8	10	7	70	0.582724867724868	834.150258520833
P0ABJ1	19	11	57.8947368421053	0.151088405702042	901.927210166667
P0ABJ3	9	5	55.5555555555556	0.817310276717487	1071.14404862121
P0ABJ6	3	2	66.6666666666667	0.33375	813.139550416667
P0ABJ9	13	5	38.4615384615385	0.862234432234432	1144.77780888889
P0ABM9	22	11	50	-0.388854501640425	824.046075454545
P0ABS5	24	12	50	-0.273911836830987	821.631953125
P0ABU7	16	7	43.75	0.0266732804232804	943.853362222222
P0ABU9	20	11	55	-0.0533053221288516	873.887806190476
P0ABV6	13	4	30.7692307692308	0.348523698523698	565.80720125
P0ABZ4	18	8	44.4444444444444	0.585688567045811	840.754316666666
P0AC02	24	14	58.3333333333333	-0.571134381491524	747.967863666667
P0AC23	14	7	50	0.795459956709957	1092.53184398148
P0AC30	22	14	63.6363636363636	-0.304277111777112	751.119535520833
P0AC41	18	12	66.6666666666667	-0.184556799126425	818.857905928571
P0AC44	5	3	60	0.676875	815.175382291667
P0AC75	27	9	33.3333333333333	0.296742410209902	833.022872690476
P0AC98	7	3	42.8571428571429	0.726774691358025	1239.148045
P0ACB7	23	10	43.4782608695652	-0.742243867243867	640.546866060606
P0ACE0	21	12	57.1428571428571	0.0721313033813034	798.965444675439
P0ACJ0	19	10	52.6315789473684	-0.0982648856990962	746.756623055556
P0ACS9	22	13	59.0909090909091	-0.0304083889966243	750.102008809524
P0ACV0	23	9	39.1304347826087	0.0252041894198757	941.609946410257
P0AD12	19	13	68.4210526315789	-0.059310500427442	839.683614583333
P0AD14	15	9	60	0.990840438074402	1110.60698319444
P0AD27	18	9	50	0.520265722273924	1053.27241155556
P0AD30	13	6	46.1538461538462	1.04624194032089	952.688600833333
P0AD65	28	13	46.4285714285714	-0.14594988972817	702.490583020833
P0AD68	27	12	44.4444444444444	-0.0399642024642025	697.875805416667
P0AD96	21	10	47.6190476190476	-0.190733343776107	842.5369605
P0AD99	11	3	27.2727272727273	0.861688311688312	819.286373333333
P0ADA5	16	7	43.75	0.0522170788004708	1051.09354520833
P0ADB1	10	5	50	-0.00967061923583657	943.849671145833
P0ADC6	20	12	60	0.154883838713173	880.861104166667
P0ADE4	27	14	51.8518518518519	-0.311827837195484	708.504021372549
P0ADK0	14	9	64.2857142857143	-0.034137477016734	843.192746666667
P0ADL1	11	7	63.6363636363636	0.858212839791787	1007.01367375
P0ADL3	12	7	58.3333333333333	0.0766132079367373	874.654671409091
P0ADM4	10	5	50	-0.168690476190476	969.6875575
P0ADM8	21	14	66.6666666666667	-0.300770852108732	764.794637791667
P0ADP2	16	10	62.5	0.00183437761069337	655.97673875
P0ADS6	22	10	45.4545454545455	-0.148176665439823	712.05138974359
P0ADS9	26	12	46.1538461538462	-0.504810853863485	776.378818076923
P0ADV1	16	6	37.5	-0.465975515712358	692.947770166667
P0ADV7	21	13	61.9047619047619	-0.459601733086683	730.667149555556
P0ADV9	18	8	44.4444444444444	-0.25765625	878.060083333333
P0ADY1	21	14	66.6666666666667	-0.376312900290733	811.222299642857
P0ADZ7	9	4	44.4444444444444	0.641439393939394	947.49883375
P0AE14	20	13	65	0.247595166271637	788.827843611111
P0AE28	16	9	56.25	0.0975687743160861	1025.87028672619
P0AE34	12	6	50	0.493417755991285	853.572319375
P0AE45	15	10	66.6666666666667	0.340045668890496	1045.51071015152
P0AE82	19	13	68.4210526315789	-0.0345472561626409	902.590083627451
P0AE91	17	7	41.1764705882353	0.228336081907511	829.825338240741
P0AEB2	19	11	57.8947368421053	0.00715654569409508	795.393891833333
P0AEB5	17	8	47.0588235294118	0.808320841297921	1219.5504619697
P0AEC0	13	8	61.5384615384615	0.620844516036079	980.983848166667
P0AEC3	26	13	50	-0.0640803783111476	752.448040333333
P0AED0	10	6	60	0.0953476443672521	836.969418653846
P0AEE1	16	9	56.25	-0.0308101166877258	841.365078
P0AEF8	11	6	54.5454545454545	0.824965272396047	1043.08995858333
P0AEG6	20	11	55	-0.245365619229256	779.398325111111
P0AEH1	20	8	40	-0.322813412999609	822.514498181818
P0AEJ0	11	3	27.2727272727273	1.1941403424162	1374.09024
P0AEJ4	22	12	54.5454545454545	0.115495456636761	731.614058088235
P0AEK4	21	12	57.1428571428571	0.260823356711515	760.113253541667
P0AEL0	18	8	44.4444444444444	0.661804523091288	933.149243055555
P0AEL6	19	6	31.5789473684211	-0.159339968310557	903.176509166667
P0AEP3	15	9	60	0.381373138385522	976.954295222222
P0AEQ3	26	12	46.1538461538462	0.155614818295739	743.856380555555
P0AER0	9	6	66.6666666666667	0.803002505076733	1198.40902392857
P0AER3	14	8	57.1428571428571	0.558171233006759	873.960913125
P0AER5	13	12	92.3076923076923	0.799957010582011	976.248107179487
P0AEU0	22	11	50	-0.0481257007994977	858.751118194444
P0AEX3	13	5	38.4615384615385	0.11541540812129	954.418314333333
P0AEX9	26	13	50	0.0866980413807039	739.664146904762
P0AEY1	15	7	46.6666666666667	0.743841616914324	943.661491428572
P0AEY5	16	12	75	-0.316034967283032	777.445709947917
P0AEY8	16	4	25	0.837881626788646	1351.38557291667
P0AEZ3	23	11	47.8260869565217	0.355556589874772	640.476839545455
P0AEZ7	25	9	36	-0.217917891781355	993.1346545
P0AF20	22	14	63.6363636363636	-0.0812953973762245	757.635493583333
P0AF34	13	5	38.4615384615385	0.99775	1297.48033
P0AF40	8	3	37.5	1.31997150997151	1450.78437722222
P0AF70	7	3	42.8571428571429	-0.276314010177574	977.788732916667
P0AFA2	21	10	47.6190476190476	0.43349591230026	772.424353636364
P0AFB1	20	12	60	-0.235963053265208	819.921424583333
P0AFC3	13	6	46.1538461538462	0.515741064491064	1068.07875452381
P0AFC7	20	12	60	-0.423944345523878	873.809327857143
P0AFD1	13	8	61.5384615384615	-0.354464370059765	882.531462864583
P0AFD4	12	7	58.3333333333333	0.600504251593724	953.2243334375
P0AFD6	22	12	54.5454545454545	-0.446546462796463	651.975842857143
P0AFE8	11	3	27.2727272727273	1.4178416821274	1421.37884041667
P0AFF0	9	6	66.6666666666667	1.07500179810839	1428.10949388889
P0AFF2	17	11	64.7058823529412	0.96262567288285	997.598095641026
P0AFG8	20	10	50	-0.307849100354983	906.134928333333
P0AFH8	24	8	33.3333333333333	-0.0953240304103791	840.159978125
P0AFI2	19	10	52.6315789473684	-0.183630386408136	962.686755611111
P0AFJ7	11	5	45.4545454545455	0.488949850471589	995.617598291667
P0AFK2	10	4	40	0.195665584415584	1022.07107875
P0AFK4	15	8	53.3333333333333	0.926112987987988	1047.93936314815
P0AFK6	14	5	35.7142857142857	0.661871825600639	1191.70335616667
P0AFK9	19	9	47.3684210526316	-0.40769186885466	880.150193409091
P0AFL6	19	13	68.4210526315789	0.185854434491558	796.679450555555
P0AFM2	15	8	53.3333333333333	-0.14980337457601	1090.35424166667
P0AFP9	19	13	68.4210526315789	-0.125243238410659	772.009281888889
P0AFQ2	19	9	47.3684210526316	0.314577294991088	910.013281333333
P0AFS9	19	11	57.8947368421053	-0.228858501898783	850.895809940476
P0AFV4	23	9	39.1304347826087	-0.493355094726062	819.538552575758
P0AFX9	21	6	28.5714285714286	-0.327039821776664	756.261002142857
P0AFY2	21	12	57.1428571428571	0.336372929639059	878.649813333333
P0AFY6	12	9	75	0.15991835224522	1005.25184833333
P0AFY8	19	10	52.6315789473684	-0.345924242424242	786.869708444444
P0AFZ7	15	5	33.3333333333333	0.965371955233706	1267.07779033333
P0AG00	22	11	50	-0.326557206904801	905.32049474359
P0AG27	17	8	47.0588235294118	0.337695824706694	740.410099242424
P0AG71	24	17	70.8333333333333	-0.707107480333287	658.215767666667
P0AG80	16	12	75	-0.523776097091314	904.349596145833
P0AG82	21	14	66.6666666666667	-0.229634086151943	635.609745714286
P0AG86	8	6	75	-0.447695767195767	882.156636190476
P0AG90	23	13	56.5217391304348	-0.0230708723779992	687.56094
P0AG93	13	9	69.2307692307692	0.233658348825262	1026.23671611111
P0AG99	6	5	83.3333333333333	0.232872007219833	1108.667081
P0AGA2	13	7	53.8461538461538	1.15459433773509	1051.36780925926
P0AGB0	21	12	57.1428571428571	0.0722184075309075	762.412500897436
P0AGB6	22	9	40.9090909090909	-0.129756975051093	782.938605555556
P0AGC3	25	13	52	-0.459358494753892	675.055293095238
P0AGD1	13	8	61.5384615384615	-0.145577596618358	787.602334880952
P0AGD7	24	11	45.8333333333333	0.0243577500930442	834.794881666667
P0AGH3	13	7	53.8461538461538	0.765972250911161	1056.13215638889
P0AGH5	13	7	53.8461538461538	0.344162836305693	1024.2734605
P0AGM5	20	13	65	0.0169124635874519	923.516702380952
P0C066	22	11	50	-0.168308300395257	891.890135277778
P0C0L7	12	7	58.3333333333333	0.375626948215183	922.779740833333
P0C960	20	10	50	-0.184973500184026	783.307897777778
P0CB39	15	9	60	0.177847478766064	789.221976319444
P10121	15	6	40	-0.382159677159677	1158.42014722222
P10346	27	7	25.9259259259259	-0.116922865920562	972.593369166666
P10378	17	12	70.5882352941177	-0.268316221424774	842.514465657895
P10408	26	10	38.4615384615385	-0.168732142857143	835.776196190476
P10441	23	10	43.4782608695652	0.140081614292141	834.764450416666
P10905	10	6	60	0.63689241980317	1091.69815333333
P10906	11	8	72.7272727272727	0.856225950831214	975.4508955
P10907	25	9	36	-0.100906849969457	932.269711527778
P11289	10	5	50	-0.741848484848485	889.624701944444
P11349	26	11	42.3076923076923	-0.511087334382789	818.801978055556
P11350	14	9	64.2857142857143	0.54069510373432	1000.62264611111
P11454	17	14	82.3529411764706	-0.384761804074692	836.049221111111
P12008	23	9	39.1304347826087	-0.229464648202006	814.700833958333
P13518	21	11	52.3809523809524	0.0792225988413672	792.628748076923
P14376	27	9	33.3333333333333	-0.0414960718294052	932.917083833333
P15877	13	6	46.1538461538462	-0.00642276257195618	815.252671190476
P15993	9	5	55.5555555555556	0.353061870340973	1024.83926309524
P16095	16	11	68.75	-0.0732869012707723	937.661971041667
P16676	24	13	54.1666666666667	-0.112059397205835	740.192766388889
P16700	23	14	60.8695652173913	-0.25421564890324	727.044109509804
P17443	22	12	54.5454545454545	0.197715562860912	755.220897941177
P18392	21	12	57.1428571428571	-0.12068512980684	777.632810833333
P18776	17	12	70.5882352941177	-0.289536130901262	720.081395637255
P19318	24	12	50	-0.458944676559121	790.87184703125
P19319	29	10	34.4827586206897	-0.754141658779817	706.367746111111
P21338	29	11	37.9310344827586	-0.319566222644286	699.515459666667
P21345	14	9	64.2857142857143	0.814027898027898	1026.7166277381
P21889	32	12	37.5	-0.104822208987263	694.450266444444
P21893	20	12	60	-0.20125849613941	815.951470147059
P22525	12	8	66.6666666666667	-0.0447966587810338	1061.18066282051
P22731	23	12	52.1739130434783	-0.163130731922399	833.636863111111
P23830	30	13	43.3333333333333	-0.400894060188178	761.913866111111
P23837	18	11	61.1111111111111	0.203200511609602	942.779950666667
P23843	18	12	66.6666666666667	-0.261149396014524	849.521081568628
P23847	24	10	41.6666666666667	-0.396921077552007	839.855106212121
P23865	28	13	46.4285714285714	-0.362892539309543	753.847761960784
P23878	21	10	47.6190476190476	-0.242575263504611	834.840245862745
P23886	20	7	35	0.00317460317460312	644.633825833333
P23894	12	6	50	0.0985800865800866	863.732793333333
P23909	20	14	70	-0.268888661985467	794.563303137255
P23917	20	9	45	-0.21470720961949	856.593850530303
P23930	13	6	46.1538461538462	0.619223722184248	951.806709047619
P24177	11	9	81.8181818181818	-0.192142889789949	961.233931481481
P24205	24	9	37.5	-0.0837804787804788	970.642021488095
P24228	18	10	55.5555555555556	-0.0229816859342031	853.712701025641
P25522	21	12	57.1428571428571	0.0403338930664512	762.328012692308
P25534	13	10	76.9230769230769	0.196360624517601	882.111358325397
P25535	14	13	92.8571428571429	-0.00728600234217342	862.585285261905
P25714	14	10	71.4285714285714	-0.506323773448773	1047.78239988095
P25737	8	3	37.5	0.670641025641025	760.585875
P25746	17	12	70.5882352941177	0.285479334498657	811.158217395834
P26365	22	9	40.9090909090909	0.213698870767902	871.651797222222
P26459	14	5	35.7142857142857	0.664676434676435	1179.68112690476
P26647	21	10	47.6190476190476	0.613457048214943	840.067285119048
P26648	18	11	61.1111111111111	-0.119723171565277	807.176979102564
P27278	22	13	59.0909090909091	-0.0454769658446129	806.154180958333
P27829	18	12	66.6666666666667	0.203427144682659	773.311517
P27896	18	10	55.5555555555556	0.0497374458874457	958.052361960784
P28224	10	7	70	-0.238102730602731	759.733517962963
P28249	21	12	57.1428571428571	-0.255137533137193	718.768379166667
P28306	28	11	39.2857142857143	-0.128049349640259	574.9174525
P28635	20	11	55	0.151960694104657	871.777481282051
P29018	23	10	43.4782608695652	0.2709400339083	699.034711180556
P29217	23	13	56.5217391304348	-0.0242341183720495	789.836521190476
P30138	19	9	47.3684210526316	-0.326497545664212	812.853712666667
P30750	20	11	55	0.184001341795459	865.1124040625
P30844	20	11	55	0.184653704880977	836.605362777778
P30845	16	5	31.25	0.783104684788895	874.970572777778
P30847	24	13	54.1666666666667	-0.0823968079974946	732.272207953704
P30859	22	12	54.5454545454545	-0.294990455146705	840.401996282051
P30864	23	14	60.8695652173913	-0.215036373401035	731.015953472222
P31069	12	10	83.3333333333333	0.987332881145666	1083.44605820513
P31119	24	12	50	0.323132336073513	743.991130294118
P31134	21	10	47.6190476190476	-0.00750688527159121	751.637192083333
P31433	21	12	57.1428571428571	-0.0716600684943077	848.058504039216
P31466	10	5	50	0.667178270812047	964.216047291667
P31545	23	10	43.4782608695652	-0.249046610186672	963.886927722222
P31554	19	10	52.6315789473684	-0.57513786359839	894.111601217949
P31666	22	12	54.5454545454545	-0.0904812362142926	859.694732555555
P31979	26	12	46.1538461538462	-0.27808458354511	704.143787916667
P32129	22	10	45.4545454545455	0.672105311355311	806.172067708334
P32160	19	12	63.1578947368421	-0.238110398860399	758.175421153846
P32166	13	3	23.0769230769231	-0.905345117845118	529.604876666667
P32681	21	10	47.6190476190476	-0.49843350522027	966.475330145833
P33011	22	9	40.9090909090909	0.206645299145299	827.860125
P33136	26	16	61.5384615384615	-0.166551084332334	654.846240701754
P33225	20	11	55	-0.189175597130143	813.609353676471
P33226	23	12	52.1739130434783	-0.600587549705197	745.562107380952
P33232	17	10	58.8235294117647	0.147150777828409	919.44932878125
P33358	21	12	57.1428571428571	-0.188613940765893	844.555460416667
P33360	22	12	54.5454545454545	-0.132293794570969	863.121295268519
P33362	18	13	72.2222222222222	-0.269347864773846	756.344383095238
P33363	23	13	56.5217391304348	-0.0421026936921508	771.671138645833
P33599	21	14	66.6666666666667	-0.299895908921782	754.455815833333
P33602	19	7	36.8421052631579	-0.564277439557221	1004.53543180556
P33607	10	3	30	1.19157635258617	1319.30815125
P33650	18	11	61.1111111111111	0.185952549007332	838.481418589744
P33915	17	9	52.9411764705882	-0.15604616800269	971.099167424242
P33916	21	11	52.3809523809524	0.150911588411588	787.21561127451
P33927	11	8	72.7272727272727	0.707967376373626	1142.23528592593
P33937	26	10	38.4615384615385	-0.0237825673417779	788.53849439394
P33940	20	12	60	-0.228705738705739	848.155582948718
P36548	29	11	37.9310344827586	0.10975530708151	662.343107611111
P36672	15	6	40	0.0530092592592593	731.771823166667
P36879	24	11	45.8333333333333	0.0683627904603136	697.948255
P36929	22	13	59.0909090909091	0.0186197014816924	804.627655392157
P37028	19	13	68.4210526315789	-0.144341593549738	817.2745425
P37177	24	7	29.1666666666667	0.452072927072927	832.007213333333
P37194	12	8	66.6666666666667	-0.188523779461279	888.70763375
P37313	22	12	54.5454545454545	-0.442534164210029	802.040233055556
P37339	23	12	52.1739130434783	-0.0380436896981015	796.946724625
P37340	15	5	33.3333333333333	0.408373684210526	990.80889
P37624	22	11	50	0.279066374801669	852.084611111111
P37636	18	12	66.6666666666667	-0.184860584233156	873.781579102564
P37637	9	5	55.5555555555556	-0.0250250484809309	981.594148
P37641	20	12	60	0.00143385005517354	779.51047997619
P37642	19	10	52.6315789473684	-0.291199792960663	890.89925448718
P37648	19	9	47.3684210526316	-0.213589485049112	962.846033194445
P37649	19	12	63.1578947368421	0.406662657266105	814.824293823529
P37651	24	14	58.3333333333333	-0.172741557734205	774.846135
P37652	15	8	53.3333333333333	-0.0556238755117431	916.341770227273
P37690	28	14	50	-0.470484693877551	712.804992401961
P37691	19	10	52.6315789473684	-0.123539551842183	753.44390727193
P37767	24	12	50	0.128227493197655	817.884290777778
P37908	24	10	41.6666666666667	0.523701224701225	917.176219333333
P38135	17	10	58.8235294117647	0.227297410192147	955.059601369048
P38506	18	11	61.1111111111111	0.096624840337759	813.964734074074
P39176	16	10	62.5	-0.0664445226396126	967.659104861111
P39187	19	7	36.8421052631579	0.106627970028591	779.380473958333
P39285	23	12	52.1739130434783	-0.850501639753398	862.174954230769
P39321	17	14	82.3529411764706	0.0496901961124008	839.416208703704
P39325	24	10	41.6666666666667	0.255858836261777	859.351075972222
P39342	21	13	61.9047619047619	0.220170786463537	817.054121111111
P39836	12	5	41.6666666666667	0.719090909090909	1068.83051509259
P40710	20	11	55	-0.224235071148947	891.164604711111
P40719	22	12	54.5454545454545	-0.22240260531379	842.13840515625
P41052	17	10	58.8235294117647	-0.22993561679231	973.250594305555
P42591	18	10	55.5555555555556	-0.491253154253154	898.475824285714
P42601	12	8	66.6666666666667	0.602478632478632	936.557319318182
P43337	14	9	64.2857142857143	0.112257575757576	752.808137916667
P43341	20	10	50	0.142072871572872	832.902132781574
P43671	24	10	41.6666666666667	-0.200729936729937	856.989025384615
P43674	20	11	55	0.0394664399927558	911.354162440476
P45395	16	10	62.5	0.288600236646383	771.027627604167
P45537	15	11	73.3333333333333	0.312168477898143	816.382931875
P45565	21	9	42.8571428571429	0.0804964891076001	763.151596388889
P45769	21	13	61.9047619047619	-0.256837466203982	816.602595972222
P45800	14	8	57.1428571428571	-0.38558739252123	976.37925575
P46022	23	13	56.5217391304348	0.0692370129870129	779.258628541667
P46118	21	11	52.3809523809524	0.0857810490944462	818.051652395833
P46130	11	6	54.5454545454545	-0.211181732580038	1074.18146666667
P46482	24	11	45.8333333333333	0.0180664703222862	885.508886410256
P46889	10	4	40	-1.00828502415459	901.825983333334
P50456	22	14	63.6363636363636	0.11292872332346	721.966948412699
P51981	19	8	42.1052631578947	-0.0632668067226891	879.356105
P52645	17	9	52.9411764705882	-0.0973943993551837	783.993043939394
P60560	18	9	50	0.0476365486365487	952.468254807692
P60752	17	10	58.8235294117647	0.299253824606766	885.135006944444
P60782	13	6	46.1538461538462	0.27128036437247	821.620986388889
P60785	20	8	40	-0.188769841269841	760.232014
P60869	15	9	60	0.281499278231759	910.618993666667
P60932	11	9	81.8181818181818	0.7340982770937	998.67022022549
P60955	11	11	100	0.388247269865997	1076.99905833333
P61316	17	12	70.5882352941177	-0.477506531723637	789.757062
P61320	24	16	66.6666666666667	-0.830135798637637	657.0099465625
P61889	18	10	55.5555555555556	0.543950292397661	927.59023439394
P62517	24	7	29.1666666666667	-0.844579061289587	682.769291666667
P63183	12	7	58.3333333333333	0.886490444670896	990.384298796296
P63340	13	7	53.8461538461538	0.313035612741337	767.061064166667
P63386	18	10	55.5555555555556	0.416160597572362	896.391482916667
P63389	20	12	60	0.0848027648443249	741.858276296296
P63883	23	13	56.5217391304348	-0.171811564503872	733.0335346875
P64423	19	8	42.1052631578947	-0.429273525698158	961.171266518707
P64481	16	8	50	0.539243919457735	907.302628525641
P64515	10	6	60	0.645753968253968	949.226231875
P64590	12	3	25	0.565428571428572	1039.04827666667
P64604	15	11	73.3333333333333	0.0182351026224544	780.927759027778
P64606	15	9	60	0.703011560060105	766.586013181818
P66948	15	9	60	-0.259863380347251	959.537188397436
P67244	13	4	30.7692307692308	1.16838768115942	881.9561425
P67553	21	10	47.6190476190476	-0.525073722754007	895.269836736111
P67662	21	13	61.9047619047619	0.0724896364319441	839.491756666667
P69054	9	4	44.4444444444444	0.38094040247678	727.356825
P69380	13	8	61.5384615384615	-0.117290226548877	815.515090069444
P69423	7	4	57.1428571428571	0.925501336898396	1124.03963733333
P69425	15	10	66.6666666666667	-0.405539724980901	791.125162435897
P69451	23	13	56.5217391304348	0.0608334162067194	807.144649019608
P69490	15	8	53.3333333333333	-0.373584934540098	788.370553703704
P69783	15	8	53.3333333333333	0.121655517614569	885.074763939394
P69786	11	5	45.4545454545455	0.367162464222434	936.459035416667
P69801	6	3	50	0.616666666666667	1041.30419819444
P69805	18	12	66.6666666666667	-0.0912404354904355	817.260042380952
P69829	14	6	42.8571428571429	0.0634875541125541	637.04817125
P69853	13	9	69.2307692307692	-0.104512366323961	825.618091538462
P69874	23	11	47.8260869565217	-0.271798996458087	814.763966555556
P69924	20	14	70	-0.202087787404608	845.448654605263
P69931	21	12	57.1428571428571	-0.186233751569117	644.611295952381
P75728	14	9	64.2857142857143	0.154472492375158	951.479946794872
P75780	20	10	50	-0.348323875307699	730.6029375
P75785	18	5	27.7777777777778	-0.187633882246785	814.437147222222
P75796	19	13	68.4210526315789	-0.0574720578566733	822.905558095238
P75797	23	11	47.8260869565217	-0.135461134824771	884.285770384615
P75801	20	11	55	0.278472671222072	916.064875833333
P75820	21	13	61.9047619047619	-0.26705284007094	766.401989625
P75822	20	11	55	0.119110835110835	821.589813754386
P75828	24	12	50	-0.345128683068177	772.479544473684
P75829	24	13	54.1666666666667	-0.0878537813962916	773.229529583334
P75830	21	11	52.3809523809524	-0.144610601816484	745.993975138889
P75853	19	9	47.3684210526316	0.0552631935965268	938.644150333333
P75870	14	7	50	0.283026921079044	1083.065379375
P75946	9	6	66.6666666666667	-0.174052499787794	860.158894166667
P75954	20	11	55	0.113676509836384	862.118140777778
P75957	22	8	36.3636363636364	-0.000295524192582955	966.685834404762
P76027	19	13	68.4210526315789	0.143386496446697	771.201807647059
P76176	16	7	43.75	-0.191502880535027	1045.5143965
P76182	11	3	27.2727272727273	-0.253787878787879	576.5437175
P76193	19	8	42.1052631578947	-0.0287772082190587	1005.05741791667
P76206	17	9	52.9411764705882	-0.297376253339661	1036.09661969697
P76208	14	4	28.5714285714286	0.535833333333333	895.744625833333
P76222	17	11	64.7058823529412	0.225651436798496	739.320971130952
P76269	13	6	46.1538461538462	0.770950701345438	988.6218425
P76272	21	10	47.6190476190476	-0.110418213852424	928.516758333333
P76339	21	13	61.9047619047619	0.0371042812759454	801.133539444444
P76346	14	7	50	0.271484355715013	1122.73344018519
P76350	11	6	54.5454545454545	0.327805884383164	1102.90920802083
P76373	22	14	63.6363636363636	-0.0123203747055196	778.6768078125
P76389	15	6	40	0.205645743145743	666.768380833333
P76397	23	11	47.8260869565217	0.0244810089627695	830.5981425
P76398	12	7	58.3333333333333	0.271435507536348	921.606007592593
P76406	12	6	50	0.0547973322973323	706.746452916667
P76445	17	10	58.8235294117647	0.984752747252747	965.772416666667
P76446	20	11	55	0.304321742230833	948.003752948718
P76473	16	8	50	0.795770697167756	1049.9901125
P76502	8	4	50	0.560732142857143	688.995366944444
P76506	17	13	76.4705882352941	-0.340159679952519	874.916066875
P76537	18	7	38.8888888888889	-0.414689330277566	805.277765625
P76576	21	10	47.6190476190476	-0.22404200864495	766.749765833333
P76578	25	12	48	-0.155198112073112	653.082714230769
P76586	19	10	52.6315789473684	-0.196082183834472	959.308546363636
P76630	13	4	30.7692307692308	0.281872009569378	931.341705
P77173	12	5	41.6666666666667	-0.373684174360188	1108.19971093056
P77202	22	14	63.6363636363636	-0.337322122322122	703.926139351852
P77265	20	10	50	0.000308022308022254	720.2110635
P77279	21	14	66.6666666666667	-0.285198848770277	786.409012352941
P77285	16	9	56.25	-0.225981219073324	748.320895128205
P77304	14	9	64.2857142857143	0.375131505270628	1059.90830333333
P77338	21	12	57.1428571428571	-0.331287290441508	838.932178690476
P77444	17	12	70.5882352941177	0.099479492658822	897.549061575758
P77473	16	7	43.75	-0.0789175813871051	1038.96046991667
P77499	21	14	66.6666666666667	-0.289565310641176	732.636873377193
P77509	21	11	52.3809523809524	0.247288404641379	820.517537051282
P77510	25	14	56	-0.0588092066663496	696.634761222222
P77522	20	11	55	-0.334869760518428	790.150448630952
P77689	19	10	52.6315789473684	0.233456495796086	880.786049833333
P77726	17	9	52.9411764705882	-0.115737509728738	827.776154583333
P77737	16	13	81.25	-0.245588369129873	878.287794958334
P77756	21	11	52.3809523809524	-0.115004085961024	759.0437815
P77757	20	12	60	-1.04975329784153	707.679473555556
P77774	21	10	47.6190476190476	-0.0671670274170274	878.96297224359
P77804	13	8	61.5384615384615	-0.153650087218636	1066.58247534432
Q46824	23	12	52.1739130434783	-0.210782719602379	809.491378333333
Q46845	21	12	57.1428571428571	-0.39563647001147	778.718008842593
Q46927	18	13	72.2222222222222	-0.113401607726507	832.763052824074
Q47146	22	13	59.0909090909091	-0.133969774820454	678.266586960784
Q47622	21	12	57.1428571428571	-0.11045736845365	714.682147222222
Q47710	21	12	57.1428571428571	-0.116793931830697	640.553194607843
P00634	19	16	84.2105263157895	-0.262350917382678	712.925018
P00909	22	13	59.0909090909091	-0.230727092895301	774.3375828125
P02919	26	11	42.3076923076923	-0.21997766321929	752.298482820513
P02929	19	9	47.3684210526316	-0.619069476275359	656.020889583333
P03004	20	12	60	-0.159636975343497	845.815034285714
P03819	13	8	61.5384615384615	0.976691997071029	1069.06334583333
P03960	18	5	27.7777777777778	-0.0747380952380953	752.978961
P04846	18	9	50	-0.0106069601753746	968.786823119048
P05704	21	16	76.1904761904762	-0.249624066905317	750.227972938597
P05825	22	9	40.9090909090909	-0.533233043759359	814.532980833334
P06959	14	10	71.4285714285714	0.23661395113601	901.7026635
P07024	19	10	52.6315789473684	-0.152494453259159	907.809760244444
P07117	14	5	35.7142857142857	0.456008771929824	960.485225555556
P08555	15	6	40	0.95644483390173	1047.95864141667
P08722	14	5	35.7142857142857	0.312383808095952	1031.89048714286
P09127	20	13	65	-0.154900369356891	760.355082307692
P09323	11	7	63.6363636363636	0.86570776856087	1094.92441453704
P09551	20	12	60	0.0441103411981895	804.640606666667
P09835	13	7	53.8461538461538	0.956272147317746	1276.43658925
P0A698	24	11	45.8333333333333	0.157156454656455	780.396154277778
P0A6A8	5	3	60	-0.0596560846560847	588.968033333333
P0A6E6	9	5	55.5555555555556	-0.370332374135513	1013.01494506944
P0A6M2	12	7	58.3333333333333	0.455634920634921	949.670019444444
P0A6S5	10	6	60	-0.785925925925926	782.859119523809
P0A6U3	22	10	45.4545454545455	0.206987061597406	888.991809615384
P0A6W3	13	8	61.5384615384615	0.452483141858142	695.60568537037
P0A742	13	6	46.1538461538462	0.648178811928812	816.109553055555
P0A7A2	15	13	86.6666666666667	-0.365330162547357	756.705219814815
P0A7A7	31	12	38.7096774193548	0.0443086620169952	714.979014444444
P0A830	13	6	46.1538461538462	1.04524426172292	1084.86042928571
P0A843	8	5	62.5	0.342363636363636	551.191416
P0A8D9	14	5	35.7142857142857	-0.15032380952381	785.708746666667
P0A8G6	14	10	71.4285714285714	-0.132571058726521	892.445974166667
P0A8K1	22	9	40.9090909090909	0.0953092278092278	802.730283809524
P0A8K8	18	8	44.4444444444444	0.638204528807343	1016.82191537037
P0A8Q0	11	5	45.4545454545455	0.182339572192513	775.380578055556
P0A8Q3	7	4	57.1428571428571	0.258273915626857	656.547447
P0A903	17	13	76.4705882352941	-0.404683881649826	789.170532604167
P0A905	9	6	66.6666666666667	0.181766862170088	1017.32363916667
P0A910	17	11	64.7058823529412	-0.205154629342918	957.414913333333
P0A932	19	11	57.8947368421053	-0.0222132034632034	990.625858076923
P0A9A6	17	11	64.7058823529412	0.280899560321	819.277304666667
P0A9M8	19	14	73.6842105263158	-0.204881743515284	729.605005462963
P0A9S3	18	11	61.1111111111111	0.224960536608758	901.123911392857
P0A9T8	19	11	57.8947368421053	-0.068691182554819	843.133387631579
P0AA60	12	6	50	0.686031746031746	954.302037380952
P0AA67	9	4	44.4444444444444	1.27527976190476	1037.14498666667
P0AA82	10	4	40	0.312375222816399	1168.11113375
P0AA86	16	7	43.75	-0.243127705627706	794.296437166667
P0AAA1	11	9	81.8181818181818	0.114257350750994	932.010863939394
P0AAE2	13	4	30.7692307692308	0.762407200642495	899.614975
P0AAG0	19	10	52.6315789473684	0.161136273209549	747.335908166666
P0AAG8	24	15	62.5	-0.017035175608705	676.240685526316
P0AAI1	20	11	55	0.238109897542588	823.921906470588
P0AAI3	25	9	36	0.0107650579872802	792.508439444444
P0AAS3	10	3	30	-0.466666666666667	972.074621333334
P0AB01	18	11	61.1111111111111	0.244948514982471	925.864746923077
P0ABA0	18	10	55.5555555555556	-0.137402977457325	646.979529
P0ABA4	16	7	43.75	0.393916519987949	706.392123333333
P0ABB0	22	15	68.1818181818182	0.288751363451363	735.049595740741
P0ABC9	13	8	61.5384615384615	0.403279409882232	796.389666041667
P0ABG4	21	11	52.3809523809524	0.768351180410004	856.212570757576
P0ABG7	14	10	71.4285714285714	0.557259768009768	892.543530972222
P0ABK2	12	5	41.6666666666667	0.805887838338895	1174.011417
P0ABM1	12	8	66.6666666666667	0.66445331181253	1104.045948125
P0ABM5	6	1	16.6666666666667	1.2	1457.61417958333
P0ABN1	10	6	60	0.570850327879313	893.868718809524
P0ABN5	13	6	46.1538461538462	0.47244301994302	939.639924583333
P0ABP6	15	5	33.3333333333333	0.150833333333333	785.937029166667
P0ABZ6	20	10	50	-0.267689267254485	760.3809265
P0AC47	19	10	52.6315789473684	-0.255852669065169	938.537171555556
P0AC78	10	4	40	0.9779375	1188.06228633333
P0ACD8	19	14	73.6842105263158	-0.0664542215487594	769.195943614035
P0ACS7	22	12	54.5454545454545	0.0588317652329748	838.624611990741
P0ACU0	20	11	55	-0.218242704265432	856.234903258333
P0ACV4	8	2	25	0.953846153846154	1067.62526888889
P0AD42	20	8	40	0.191233766233766	863.887340454545
P0AD44	21	12	57.1428571428571	-0.643858629293412	828.782652236842
P0ADA1	18	13	72.2222222222222	-0.108817442117037	752.934693277778
P0ADA3	11	4	36.3636363636364	-0.584496753246753	642.56336
P0ADB7	4	2	50	0.600717703349282	1002.765555
P0ADC1	22	9	40.9090909090909	-0.278392255892256	766.234434333333
P0ADC3	20	12	60	0.103810495201215	932.597462820513
P0ADG7	26	7	26.9230769230769	0.327720839531985	939.171292575758
P0ADN6	7	3	42.8571428571429	-0.108725490196078	801.169376666667
P0ADQ2	21	13	61.9047619047619	-0.327284610814023	776.75730381746
P0ADQ7	11	4	36.3636363636364	-0.251609848484849	870.331963888889
P0ADT8	21	13	61.9047619047619	-0.392659174296891	754.629163888889
P0ADW3	13	9	69.2307692307692	-0.559684714341577	704.858298
P0ADX7	11	7	63.6363636363636	-1.31241452991453	793.175881851852
P0AE06	20	10	50	0.0134289120702164	785.818035757576
P0AE22	20	11	55	-0.405834645152827	928.671575059524
P0AE26	13	5	38.4615384615385	0.463217948717949	601.118696
P0AE30	11	8	72.7272727272727	0.811978164454187	990.651661481481
P0AE85	18	9	50	-0.740744631185808	690.509612261905
P0AE88	21	10	47.6190476190476	-0.286238125909179	824.912745256411
P0AEC5	21	12	57.1428571428571	-0.0816175618971672	838.785127
P0AEE3	15	12	80	0.148211420089504	853.592974222222
P0AEG1	13	7	53.8461538461538	0.302448830409357	969.651956851852
P0AEH5	11	5	45.4545454545455	-0.734622082897945	843.175861785715
P0AEM9	22	15	68.1818181818182	-0.0405831564949212	664.119729895833
P0AEN4	14	7	50	-0.289499646012251	696.397763541667
P0AEP1	16	4	25	1.21465193965517	1480.176375
P0AEQ6	16	12	75	0.939992323391923	906.792637179487
P0AER8	12	9	75	0.863448872115539	1059.83140930556
P0AEU3	16	11	68.75	0.701405655854592	1028.55206077381
P0AEU7	22	7	31.8181818181818	-0.200619047619048	742.015043571429
P0AF16	16	7	43.75	0.853965281794229	779.552843571429
P0AF36	9	4	44.4444444444444	-1.10830409356725	752.093751333333
P0AF43	11	2	18.1818181818182	1.67840909090909	1012.46454604167
P0AF52	11	5	45.4545454545455	1.03484728175051	1210.70071178571
P0AF54	7	5	71.4285714285714	-0.430692640692641	651.231739
P0AF73	5	3	60	0.99259943977591	1021.381045
P0AF98	16	9	56.25	0.220675623825779	843.536631041667
P0AFA7	17	9	52.9411764705882	0.359987042544514	917.64454375
P0AFE0	8	4	50	0.961341089466089	1153.93887566667
P0AFE4	3	2	66.6666666666667	0.548666666666667	975.950476666667
P0AFH2	19	11	57.8947368421053	0.616526436348724	833.577506547619
P0AFH6	15	6	40	0.300660552897395	823.183098333333
P0AFI9	17	10	58.8235294117647	0.140825757575758	679.3463465
P0AFL3	17	8	47.0588235294118	-0.146730612541539	938.562569358974
P0AFN6	11	5	45.4545454545455	1.10847788580119	1134.25481380952
P0AFR2	14	6	42.8571428571429	0.8019371529974	886.768661833333
P0AFS5	13	8	61.5384615384615	1.13147568503208	917.206740972222
P0AFS7	15	6	40	0.493729917743076	843.943448833333
P0AFX7	12	10	83.3333333333333	-0.582481266361722	917.911401428571
P0AG14	22	13	59.0909090909091	0.123159565600157	723.943994537037
P0AG34	15	7	46.6666666666667	0.719147140838317	889.33981875
P0AG38	12	8	66.6666666666667	0.912631493506493	1105.01663818182
P0AG96	12	6	50	1.03683305485937	891.431890238095
P0AGE4	12	7	58.3333333333333	0.956773485313858	1002.84307825
P0AGH1	16	7	43.75	-0.166558435817057	946.1243715
P0AGH8	10	7	70	0.712658036408036	702.71088125
P0AGI1	11	6	54.5454545454545	0.183828856328856	815.487477857143
P0AGI8	22	8	36.3636363636364	-0.182703283635589	927.047643484849
P0AGK1	14	5	35.7142857142857	-0.182294372294372	764.143685277778
P0C0S1	16	9	56.25	0.675921756816422	814.91998
P0C0T5	19	10	52.6315789473684	0.0803013771999065	804.059704583333
P0C0V0	16	6	37.5	0.233487394957983	825.518238333333
P0CE47	19	13	68.4210526315789	-0.152549468064769	767.574161622807
P0CE48	19	13	68.4210526315789	-0.152549468064769	767.574161622807
P10100	17	7	41.1764705882353	-0.527839620696764	933.057695476191
P10384	12	5	41.6666666666667	0.0291374849059859	1157.23078083333
P11557	17	5	29.4117647058824	-0.91779797979798	923.28582
P13035	22	15	68.1818181818182	-0.160674510674511	648.675600740741
P13036	18	7	38.8888888888889	-0.145487248693229	930.725552727273
P13458	24	9	37.5	-0.352843055350795	827.662008194444
P13482	18	11	61.1111111111111	-0.654584225353814	794.360381519608
P13738	12	8	66.6666666666667	0.965255852824082	1019.17479145833
P14175	25	10	40	-0.117520562770563	780.03569375
P14176	7	3	42.8571428571429	0.362098641962312	1349.03567483333
P14377	25	9	36	-0.169925312207921	931.253602924243
P15028	15	7	46.6666666666667	0.237066477583719	936.632591180556
P15029	14	8	57.1428571428571	0.978260785673313	1016.05683090278
P15031	18	14	77.7777777777778	-0.0703160789675568	782.458952592593
P15286	21	16	76.1904761904762	-0.37230252131447	648.785691287879
P16869	18	8	44.4444444444444	-0.433723069693465	848.77683375
P16926	22	14	63.6363636363636	0.213774370470799	743.576584166667
P17315	22	8	36.3636363636364	-0.532331574675325	851.958798333333
P17444	16	10	62.5	-0.463902306325908	957.713580486111
P18775	25	9	36	-0.0398142865906023	767.081140606061
P18777	10	6	60	1.08922528860029	1284.44285208333
P19926	18	10	55.5555555555556	-0.466274747877652	840.542356282051
P19934	25	8	32	-0.862091727716728	623.738016041667
P20966	19	11	57.8947368421053	-0.133732579245902	791.925592555556
P21365	11	6	54.5454545454545	0.369903846153846	517.853741666667
P21367	17	8	47.0588235294118	-0.148841459709881	889.126538055556
P21513	27	11	40.7407407407407	-0.187654712082461	730.339279114583
P21865	21	12	57.1428571428571	-0.00548828023828026	725.9060090625
P22255	16	11	68.75	-0.167010138983823	843.412713675926
P23200	11	5	45.4545454545455	0.768361638361639	893.786401
P23827	17	8	47.0588235294118	-0.00898573104455457	837.420533518518
P23842	15	7	46.6666666666667	1.14790349337545	916.090843541667
P23876	11	7	63.6363636363636	1.07467556416364	1025.64601214286
P23890	17	9	52.9411764705882	-0.0540821322143161	773.795240151515
P24207	10	6	60	0.258224452575139	941.237395185185
P25396	11	6	54.5454545454545	0.650996968835844	1091.81119722222
P25552	19	11	57.8947368421053	-0.0092284084867817	760.284089642857
P25744	14	4	28.5714285714286	0.1571872909699	928.35597
P25894	17	11	64.7058823529412	-0.299806358516036	830.890507166667
P27125	11	4	36.3636363636364	0.749013949013949	1000.51238766667
P27243	15	11	73.3333333333333	0.421836395605818	998.097595119048
P27250	15	8	53.3333333333333	0.266906151000979	942.727619988095
P27300	24	12	50	0.280030311010703	797.973463333333
P27303	20	15	75	-0.301364117364117	780.647365416667
P27434	16	6	37.5	-0.0618069584736251	822.285899375
P27837	10	7	70	0.637253133847818	983.2250445
P28246	12	4	33.3333333333333	0.493082706766917	831.011745666667
P29131	22	12	54.5454545454545	-1.16710885958976	806.334744558823
P30126	18	10	55.5555555555556	-0.093091916253681	826.63631984375
P30149	15	4	26.6666666666667	0.442301274576817	806.460825
P30860	22	12	54.5454545454545	-0.155784189007873	810.265415208333
P31224	11	8	72.7272727272727	0.199291167809962	1109.33821703704
P31437	9	6	66.6666666666667	1.07566096866097	1116.00346619048
P31547	10	7	70	1.0068031968032	925.885769047619
P31548	19	13	68.4210526315789	-0.0258714092924619	802.715608240741
P31550	21	10	47.6190476190476	-0.185418564742094	785.526576363636
P31680	26	13	50	-0.265631232914198	797.896369259259
P31801	10	5	50	0.0163753387533874	844.127657413059
P31827	16	7	43.75	-0.462548562548562	835.06611875
P31828	20	12	60	-0.0931148141074611	791.5031364
P32135	15	8	53.3333333333333	0.297433035714286	900.691406041666
P32176	24	10	41.6666666666667	-0.118385780885781	748.1020775
P32703	12	5	41.6666666666667	0.827333584290106	976.813313
P32705	15	6	40	1.1900348583878	1170.53933055556
P33015	14	6	42.8571428571429	0.908666255242342	1088.33111009259
P33218	22	11	50	-0.00792403255693138	832.787879102564
P33366	16	7	43.75	0.882261904761905	893.4515865
P33913	22	14	63.6363636363636	-0.0855851200129175	769.182248777778
P33931	18	9	50	-0.177423723335488	887.8156509375
P33941	19	10	52.6315789473684	0.703632471546288	991.377590833333
P36561	18	8	44.4444444444444	0.846599493409707	709.479585666667
P36649	16	9	56.25	0.09407895037539	943.061272261905
P36655	13	4	30.7692307692308	-0.240722049689441	1056.48604833333
P37001	14	6	42.8571428571429	-0.132247468218056	891.249591969697
P37002	6	6	100	0.770135843079922	1154.3944352381
P37019	20	11	55	0.518475189842837	847.205894551282
P37147	15	5	33.3333333333333	0.523367284889024	1139.878972
P37188	7	4	57.1428571428571	0.346082236842105	933.772485476191
P37327	17	9	52.9411764705882	0.332625981609383	1141.16059136364
P37349	18	12	66.6666666666667	0.178662432249323	798.017922142857
P37597	12	4	33.3333333333333	0.775078255078255	1329.28778
P37615	13	6	46.1538461538462	-0.701378278584161	737.820654259259
P37617	17	9	52.9411764705882	-0.309106632313997	777.690180185185
P37626	31	11	35.4838709677419	-0.0270464384100748	645.027346944445
P37645	23	13	56.5217391304348	-0.139344007357008	781.61369854386
P37650	23	12	52.1739130434783	-0.477728669750729	691.113588076923
P37659	9	5	55.5555555555556	0.538637870538415	1311.19027964286
P37665	19	7	36.8421052631579	0.262030183438852	1029.47077229167
P37744	18	15	83.3333333333333	-0.104945415695416	756.240286666667
P37751	26	15	57.6923076923077	0.0679605024605025	666.397280458333
P37774	24	9	37.5	0.0360396726928985	843.561646760417
P37902	21	12	57.1428571428571	-0.265378151260504	791.144679583333
P38097	11	4	36.3636363636364	0.815654761904762	1267.84713657143
P38134	18	9	50	-0.205031665864999	835.005713
P39099	15	9	60	-0.0373921757255091	839.147126333333
P39172	14	10	71.4285714285714	-0.245325980392157	829.877256453704
P39270	14	5	35.7142857142857	0.916099567099567	1044.56233268519
P39297	9	5	55.5555555555556	-0.18161501896796	1007.39895555556
P39310	15	9	60	-0.400918499953588	871.486006041667
P39365	13	8	61.5384615384615	0.637264088463216	1126.58954240741
P39382	19	12	63.1578947368421	-0.11464254425622	765.609812303922
P39385	22	12	54.5454545454545	0.449188451634572	808.280301444445
P39396	14	8	57.1428571428571	0.842681089165464	1057.2697595
P39401	13	7	53.8461538461538	0.322564455872727	867.936383727273
P39451	20	9	45	-0.00854312970979639	927.788752055556
P39830	13	6	46.1538461538462	1.01678113553114	904.921863981481
P39835	13	8	61.5384615384615	1.08772792448779	918.61152737037
P40120	18	13	72.2222222222222	-0.327801650291529	829.319085277778
P41441	23	13	56.5217391304348	-0.14455831318696	737.100461764706
P42628	13	6	46.1538461538462	0.215149113132984	806.043265476191
P43672	21	11	52.3809523809524	-0.564157004774307	862.248789411765
P45464	20	12	60	-0.239752648145505	680.215168974359
P45522	12	5	41.6666666666667	1.07715384615385	863.433600666667
P45523	31	12	38.7096774193548	-0.371131455350205	716.755494880953
P45566	7	2	28.5714285714286	1.39538123167155	1476.5306
P45568	20	11	55	-0.417310770038043	738.320870347222
P45955	17	8	47.0588235294118	-0.326819800569801	1060.75858983333
P46122	13	8	61.5384615384615	0.0613389059770638	725.851358148148
P46187	11	4	36.3636363636364	0.193080808080808	892.784430666667
P46474	19	13	68.4210526315789	-0.177753117643316	829.542052541667
P52067	13	6	46.1538461538462	0.309102215766689	1059.63442047619
P52094	14	6	42.8571428571429	0.639046092796093	638.214108333333
P52101	22	8	36.3636363636364	-0.118505608974359	830.033052166667
P52644	13	8	61.5384615384615	-0.158347953216374	714.954685333333
P55734	13	8	61.5384615384615	-0.352152698200492	683.894450757576
P56258	23	14	60.8695652173913	0.166021412552262	683.087355433333
P60632	8	4	50	0.806613230519481	1074.80114366667
P62723	12	7	58.3333333333333	0.869355229271196	1078.05305260417
P64429	20	8	40	-0.788577265581313	919.151889939394
P64432	10	6	60	1.06444673967692	1147.29232814815
P64448	8	4	50	0.226319444444444	643.216495
P64451	21	12	57.1428571428571	-0.221878404139433	792.8252353125
P64493	5	3	60	-0.0613756613756614	1059.64300722222
P64499	9	3	33.3333333333333	-0.879398148148148	664.98849
P64506	11	4	36.3636363636364	0.228972222222222	1170.54184233333
P64545	7	4	57.1428571428571	0.0837660256410256	665.205051111111
P64564	9	7	77.7777777777778	1.1009187824634	1036.92142759259
P64581	14	4	28.5714285714286	-0.359239130434783	744.0067975
P64585	13	7	53.8461538461538	-0.183571428571429	618.321622708333
P64596	19	9	47.3684210526316	0.214552667070727	822.929656666667
P64602	8	4	50	0.195505964623612	656.691645
P64631	10	5	50	0.460042819499341	850.346888333333
P65292	7	2	28.5714285714286	-0.176666666666667	1098.6299125
P65294	5	3	60	-0.0962733204668687	1124.4989255
P68699	4	2	50	0.679901960784314	1114.0895
P69411	12	6	50	0.0837794486215539	846.665196041667
P69428	11	5	45.4545454545455	-0.459392976588629	680.547676
P69741	14	8	57.1428571428571	-0.0325291783380018	858.081273635417
P69776	10	3	30	0.121031746031746	812.919341666667
P69797	21	11	52.3809523809524	0.236394581971219	858.621765111111
P69811	16	9	56.25	-0.0962325144767937	918.251324305556
P69828	11	8	72.7272727272727	0.0770761639676113	809.424614344444
P69831	15	8	53.3333333333333	0.629095382104454	1071.03774591667
P75691	19	12	63.1578947368421	-0.166139113008308	781.541350439394
P75749	23	12	52.1739130434783	-0.337281407318172	669.821552179487
P75777	21	12	57.1428571428571	-0.273335049210049	815.192255892857
P75783	16	8	50	0.0459350160040566	858.40342315
P75798	16	8	50	0.600172466422466	950.6010295
P75818	17	8	47.0588235294118	-0.166535714285714	811.064951515152
P75826	11	4	36.3636363636364	0.28313492063492	900.6317075
P75831	20	11	55	-0.0985206308686467	864.529297303922
P75925	12	5	41.6666666666667	0.490866436810709	1084.31656342857
P75958	18	9	50	0.100803939368477	1006.61983147436
P76002	16	7	43.75	-0.367509781690454	757.413659666667
P76007	7	1	14.2857142857143	1.31379310344828	1535.83611
P76091	14	4	28.5714285714286	1.16587009803922	813.366069
P76115	17	5	29.4117647058824	-0.599442640692641	983.682108
P76116	20	9	45	-0.276106684794709	918.052105
P76170	16	6	37.5	-0.848978758169935	714.998518571428
P76173	12	4	33.3333333333333	0.773608294930876	1105.71277633333
P76177	23	14	60.8695652173913	-0.0558426979244648	684.973775952381
P76185	21	12	57.1428571428571	-0.084929032892395	906.635279833333
P76223	18	13	72.2222222222222	-0.281458970767794	832.396646
P76237	20	10	50	-0.337242179863148	763.84037125
P76250	22	17	77.2727272727273	0.227385520396356	629.589250681818
P76298	14	9	64.2857142857143	0.699077999170878	813.042358666667
P76299	20	10	50	0.0801207757296467	949.850333630952
P76330	22	13	59.0909090909091	-0.344869287951867	762.230051666667
P76345	15	7	46.6666666666667	0.385677656619869	997.867947714286
P76372	19	11	57.8947368421053	-0.336210618085618	894.539695138889
P76399	13	7	53.8461538461538	0.0537353697459845	911.791081851852
P76469	16	7	43.75	-0.152869987155701	1056.91389133333
P76471	10	5	50	-0.026500814000814	1182.82386777778
P76538	10	5	50	0.552380952380952	721.047342619048
P76551	17	10	58.8235294117647	0.11311156049882	915.482752833334
P76909	18	10	55.5555555555556	-0.00437058034271659	861.235489242424
P77179	14	6	42.8571428571429	0.193004850088183	922.762608809524
P77245	23	14	60.8695652173913	0.265645738380484	720.754024754902
P77272	16	7	43.75	0.209963909682308	871.8039175
P77307	17	8	47.0588235294118	0.744955341558602	875.683774083333
P77309	17	12	70.5882352941177	0.0540240662115662	876.575530777778
P77318	21	10	47.6190476190476	-0.282925486063644	865.282662738096
P77333	24	8	33.3333333333333	0.27966665363769	948.491957347222
P77348	21	12	57.1428571428571	0.0691163959270577	868.12578375
P77374	24	7	29.1666666666667	-0.0615846927399723	877.496467916667
P77439	16	11	68.75	-0.171151974226154	936.172615277778
P77485	17	11	64.7058823529412	-0.0178414632974751	849.394417340909
P77504	24	12	50	-0.220895724894381	824.0729625
P77529	15	7	46.6666666666667	0.737080491397261	986.502031666666
P77541	18	10	55.5555555555556	-0.0347762620521242	935.862951666667
P77549	12	9	75	0.677172981325353	1048.75976263889
P77562	23	7	30.4347826086957	0.363259794813503	875.485145333333
P77611	23	11	47.8260869565217	-0.220179089252056	779.800739382353
P77717	29	10	34.4827586206897	-0.302110760971055	735.825576
P77754	22	11	50	0.0369182429089244	779.979636055556
P77783	11	5	45.4545454545455	-0.231070318570319	905.921541167749
Q2MB16	12	7	58.3333333333333	0.687111111111111	840.028169259259
Q46798	18	9	50	-0.0299321905939553	893.356044
Q46832	21	14	66.6666666666667	-0.0377507288851827	800.051736785714
Q46835	13	4	30.7692307692308	0.00946969696969691	631.212102777778
Q46837	10	4	40	0.814231601731602	862.677335333333
Q47538	16	8	50	0.958562444499945	995.273019074074
Q59385	22	11	50	0.100752505070687	851.962348452381
Q6BEX5	12	8	66.6666666666667	0.299865667420815	831.282068666667
