Entry Name	Total #Tryptic Peptides	# Detectable Tryptic Peptides	Detectable(%)	mean gravy	mean m/z
YAIW_ECOLI	11	11		652.419914403509	-0.168738490190478
YAJI_ECOLI	6	6		715.470327708333	-0.0780977794135689
MLAA_ECOLI	7	7		930.273623469697	-0.511829038847672
YAJG_ECOLI	12	12		867.471620130952	-0.501995240125036
YBAY_ECOLI	9	6		1077.03269982143	0.328916469457464
YFEY_ECOLI	10	10		898.509903	-0.596346616385878
NLPB_ECOLI	14	14		1105.36582866667	-0.414377486495693
YFGL_ECOLI	17	17		1000.46889699425	-0.182699829499138
YFHG_ECOLI	7	7		724.449434259259	-0.772467417847852
BORD_ECOLI	5	5		847.638188092593	0.239510489510489
RLPA_ECOLI	14	13		818.765632324561	-0.701115976783397
LPTE_ECOLI	19	19		832.534124188597	-0.496900239732363
YFIO_ECOLI	18	18		814.387746662162	-0.52620144667643
YFIL_ECOLI	1	1		629.800005	-0.708333333333333
SMPA_ECOLI	2	2		991.86141125	-0.578051948051948
MLTB_ECOLI	12	12		900.44752	-0.331036939442737
PAL_ECOLI	11	11		883.429297612698	-0.517127358630291
YBHC_ECOLI	11	11		940.4313359375	-0.439122127872128
BORD_ECOLI	6	6		800.752136972222	0.143342074592074
NLPD_ECOLI	13	13		850.622046375	-0.259199529096208
YGDI_ECOLI	3	3		701.497993333333	-1.24787878787879
MLTA_ECOLI	14	14		835.859590706667	-0.38107848233075
YGDR_ECOLI	1	1		536.76236	-0.677777777777778
YGER_ECOLI	16	16		639.580089833333	-0.259551594239094
YGGG_ECOLI	13	13		825.193480652174	-0.457574300281658
MLTC_ECOLI	10	10		725.249057685185	-0.538965617715618
YGHG_ECOLI	4	3		650.000398333333	-0.974323062558356
YBJP_ECOLI	6	6		830.085155342593	-0.700826605546433
AMID_ECOLI	5	5		708.958536796296	-0.82327829377365
YCAL_ECOLI	2	2		711.8590525	0.0235714285714285
GFCE_ECOLI	1	1		1455.28629166667	-0.0588235294117647
YCEB_ECOLI	8	8		944.372522222222	-0.235196089903613
YRAM_ECOLI	30	29		837.707561323129	-0.317207291505493
YRAP_ECOLI	15	15		815.74377310101	-0.433573462542503
NLPI_ECOLI	10	9		788.941481470588	-0.307190662567251
YCFL_ECOLI	1	1		845.076562777778	0.4
YCFM_ECOLI	6	6		775.185634166667	-0.461068121693122
EMTA_ECOLI	10	10		778.599709821429	-0.51978044375645
LOLB_ECOLI	18	18		799.897641398809	-0.992182740099407
YIFL_ECOLI	3	2		820.241464583333	-1.1054347826087
HSLJ_ECOLI	5	5		681.697040714286	-0.139555555555556
YNBE_ECOLI	3	3		564.042653333333	-0.251944444444444
YDCL_ECOLI	10	10		759.880861973684	-0.346527777777778
SLP_ECOLI	5	5		892.806848125	-0.681242424242424
YIAD_ECOLI	15	15		979.855510195122	-0.414221308324724
YJAH_ECOLI	5	5		685.18063547619	-1.3451746031746
BLC_ECOLI	1	1		779.420085	0.261538461538461
MLIC_ECOLI	3	3		735.695475	-0.675185185185185
SLYB_ECOLI	6	6		953.067680882353	-0.714360703235383
YJEI_ECOLI	2	2		837.820978888889	-0.78343653250774
ECNB_ECOLI	1	1		1022.477765	-0.4
BLC_ECOLI	11	11		693.550676617647	-0.381588114796671
LPP_ECOLI	7	7		849.991333875	-0.755351508349629
OSME_ECOLI	4	4		868.486243636364	-0.573851126472094
BSMA_ECOLI	4	4		535.304728333333	-0.615540015540015
YOAF_ECOLI	1	1		872.4336	0.0444444444444442
YEAY_ECOLI	8	8		766.326464444444	-0.283596242844964
YEGR_ECOLI	4	4		709.81626	-0.508958333333333
NLPE_ECOLI	11	11		797.220715015152	-0.461642083250583
RCSF_ECOLI	7	7		921.935193561403	-0.648520834666155
SPR_ECOLI	1	1		1133.03037	-0.519047619047619
TSX_ECOLI	12	10		1004.60496273611	-0.86367118653704
FADL_ECOLI	11	11		955.744984441667	-0.787725090685674
FEPA_ECOLI	46	46		909.044688722658	-0.546233138920002
CRCA_ECOLI	1	1		449.71415	-1.64285714285714
FIU_ECOLI	2	2		529.7947325	0.788383838383838
OMPX_ECOLI	10	10		957.336453421053	-0.72353976742212
OMPF_ECOLI	25	24		1076.99476089	-0.473413957350392
OMPA_ECOLI	31	30		944.970221777874	-0.392381214116313
TOLC_ECOLI	33	31		949.172114130209	-0.663761479373925
FHUE_ECOLI	8	8		763.735021481482	-0.396296730230554
YHDP_ECOLI	34	34		782.34331639881	-0.23259704575422
WECC_ECOLI	2	2		757.267328888889	0.203801169590643
PA1_ECOLI	10	9		835.800381363636	-0.622912519579186
YNCD_ECOLI	36	36		908.744508015385	-0.745369147739181
YTFM_ECOLI	34	34		767.696553187134	-0.511846884572712
FECA_ECOLI	35	34		912.976842581921	-0.599867647213535
MIPA_ECOLI	10	10		1050.84503688596	-0.610637461323222
LPTD_ECOLI	40	39		919.984423544218	-0.908333729189502
CIRA_ECOLI	10	10		834.896714880952	-0.423909992784993
YAET_ECOLI	68	68		889.970607219962	-0.655893225750707
YEJO_ECOLI	1	1		835.912835	-0.275
YFAZ_ECOLI	4	4		997.361006666667	-0.399083994708995
PPB_ECOLI	3	3		970.140812083333	0.410659200314373
HISJ_ECOLI	18	18		813.074450996212	-0.424017658403688
ARGT_ECOLI	8	8		654.7899325	-0.352524509803922
MEPA_ECOLI	2	2		675.254772066667	-0.381578947368421
CYSP_ECOLI	8	8		681.704918333333	-0.0134075401722461
PANE_ECOLI	6	6		618.802199537037	-0.623614944996524
USHA_ECOLI	16	16		756.937802395833	-0.462554825839365
TESA_ECOLI	8	8		726.578040740741	-0.332410214785215
AMIA_ECOLI	8	8		870.592371877778	0.24894904583693
YFGC_ECOLI	13	13		884.674831944444	-0.465530319831809
YBCL_ECOLI	1	1		723.3932	0.469230769230769
FEPB_ECOLI	4	4		579.271024761905	-0.790034965034965
DSBG_ECOLI	1	1		714.85647	-0.392307692307692
RNI_ECOLI	8	8		635.669841527778	-0.457387941919192
GLTI_ECOLI	15	15		777.843096875	-0.609757257327015
RSEB_ECOLI	14	14		735.066252348485	-0.316616575338269
PROX_ECOLI	10	10		853.273315	-0.278810349660286
YBGP_ECOLI	1	1		442.75889	-0.4
TOLB_ECOLI	22	22		879.209642361789	-0.466302131598773
YBGF_ECOLI	9	9		827.811231285714	-0.60602976696
AMIC_ECOLI	25	25		825.31201703876	-0.207614384717782
PTRA_ECOLI	27	27		770.806347274305	-0.229459054746751
GLNH_ECOLI	17	17		735.653257710526	-0.478177570260841
YBIS_ECOLI	17	16		825.84587812963	-0.437111082975377
GSIB_ECOLI	6	6		833.135695555555	-0.446746031746032
DSBC_ECOLI	5	5		728.215488703704	-0.342147435897436
YGGE_ECOLI	14	14		776.10584708046	-0.65164186314031
YGGN_ECOLI	18	18		738.201690631313	-0.720637810262952
ARTJ_ECOLI	14	14		704.289734444444	-0.522442734270742
ARTI_ECOLI	18	18		859.895309617117	-0.523262054750475
TRXB_ECOLI	10	10		784.7405898125	0.0529350342639816
LOLA_ECOLI	6	6		659.082261904762	-0.776532148407148
YCBK_ECOLI	8	8		706.347178636364	-0.375610119047619
SUFI_ECOLI	10	9		719.739995416667	-0.351269245158134
YGJJ_ECOLI	1	1		450.255465	0.2375
TORA_ECOLI	1	1		511.098920833333	-2.16
AGP_ECOLI	18	18		851.681381070175	-0.484368736839117
YCDO_ECOLI	7	7		706.257025185185	-0.0596689025260454
YCDB_ECOLI	2	2		615.5676475	0.404700854700855
OPGG_ECOLI	21	20		844.632003315217	-0.360802259219539
YCEI_ECOLI	7	7		824.405961319444	-0.474169362383648
MLAC_ECOLI	15	15		737.057043933333	-0.833404933273354
MLAD_ECOLI	11	11		972.696601349207	-0.389301809301809
LPTA_ECOLI	5	5		763.466035666667	-0.482466063348416
DEGQ_ECOLI	22	22		873.811460619048	-0.255722948741528
YCFS_ECOLI	1	1		612.84622	0.718181818181818
POTD_ECOLI	10	10		700.092697857143	-0.355296218487395
YCGK_ECOLI	8	8		798.048357425	-1.03493833787181
TREA_ECOLI	6	6		851.152517083333	-0.454490740740741
YCHO_ECOLI	1	1		736.865875	-0.421428571428571
OPPA_ECOLI	27	27		854.150685560606	-0.572769833992695
FKBA_ECOLI	24	24		764.321112169697	-0.656262926545519
PSTS_ECOLI	7	7		693.777021296296	-0.58171917889963
RBSB_ECOLI	4	4		773.41832625	0.401477591036415
YCIM_ECOLI	18	17		772.416407189655	-0.389939218925378
SAPA_ECOLI	13	13		812.53609837963	-0.0674832054770136
MPPA_ECOLI	4	4		830.12827	-0.125
PPIA_ECOLI	10	10		850.315458111111	-0.484667208522472
YHHA_ECOLI	3	3		807.296117	-1.66589743589744
UGPB_ECOLI	15	15		769.684153151515	-0.654183581153146
LIVJ_ECOLI	4	4		864.535006354167	-0.397594246031746
FDOG_ECOLI	24	24		852.261804921053	-0.145667036408744
YIIQ_ECOLI	11	11		768.009928333334	-0.276085822731502
OPGD_ECOLI	18	18		785.939461366666	-0.435821380991316
YNCE_ECOLI	7	7		794.608202407407	-0.387214222975093
PQQL_ECOLI	6	6		628.125021666667	-0.582924836601307
YDDB_ECOLI	9	9		677.037065119048	-0.439129318394024
YDEN_ECOLI	9	9		987.005184583333	-0.438721894877361
YHJJ_ECOLI	29	28		823.125634408497	-0.358989663206713
BCSC_ECOLI	28	28		771.388993226496	-0.625688941685927
GUN_ECOLI	1	1		441.76364	0.4375
DPPA_ECOLI	12	12		862.288189	-0.608178934532005
MALE_ECOLI	1	1		479.254505	0.42
YDGD_ECOLI	1	1		421.243405	0.1875
YDGH_ECOLI	27	27		792.441587641026	-0.273867364479927
RNFG_ECOLI	6	5		608.3882078125	-0.20093137254902
SODC_ECOLI	1	1		456.246145	0.422222222222222
YIBP_ECOLI	27	27		682.637518205128	-0.72731772062233
YIBQ_ECOLI	13	13		748.543853346154	-0.41495688228577
APHA_ECOLI	1	1		538.28039	-1.24
YJDP_ECOLI	1	1		400.69937	-2.61666666666667
AMIB_ECOLI	1	1		425.743575	-0.928571428571429
YNHG_ECOLI	17	16		870.999091375	-0.230749708612237
YDIY_ECOLI	2	2		493.7386875	-0.655555555555556
SPY_ECOLI	1	1		401.68708	-0.575
YNJB_ECOLI	3	3		739.389763333333	-0.0941798941798941
CPDB_ECOLI	20	20		741.018498387387	-0.473950981172848
YTFJ_ECOLI	2	2		814.1609425	0.221428571428571
YTFQ_ECOLI	6	6		707.143552962963	-0.348300255300255
FECB_ECOLI	10	10		812.110182158333	-0.345499045399045
YEBY_ECOLI	1	1		966.98196	-0.827777777777778
ZNUA_ECOLI	3	3		463.75096	-0.126984126984127
OSMY_ECOLI	9	9		650.995252822222	-0.185278072211711
SLT_ECOLI	26	25		749.468568356481	-0.51323875423032
CREA_ECOLI	11	9		951.832629235294	-0.173178162765581
FLIY_ECOLI	1	1		429.222675	-0.3625
ERFK_ECOLI	8	7		785.408232333333	-0.442199338927028
YEEZ_ECOLI	10	10		813.738850572917	-0.0980203570375985
SURA_ECOLI	20	20		744.457602486111	-0.44027103035853
THIB_ECOLI	4	4		773.415061666667	-0.0115113242973655
YACC_ECOLI	1	1		553.803495	0.71
CUEO_ECOLI	7	7		804.278986166667	-0.201435127400836
YADE_ECOLI	1	1		494.241605	-0.877777777777778
OSMF_ECOLI	3	3		771.573913333333	0.133390666208004
BGLX_ECOLI	45	45		743.154181317269	-0.298094195713036
FHUD_ECOLI	3	3		688.220272083333	0.349312169312169
BTUF_ECOLI	4	3		719.86433125	0.422435897435897
DEGP_ECOLI	27	27		877.891553311111	-0.0974029481581817
SKP_ECOLI	20	19		756.669680445513	-0.941204681005822
YEJA_ECOLI	4	4		811.77039625	-0.840294117647059
NAPA_ECOLI	2	2		589.304661666667	-0.144155844155844
ECOT_ECOLI	6	6		690.623670151515	-0.384118080993081
YFAA_ECOLI	1	1		450.24615	-1.1125
GLPQ_ECOLI	2	2		621.865041111111	-0.671428571428571
AIS_ECOLI	17	16		799.932606857576	-0.632595346445374
YNFB_ECOLI	3	3		741.755992083333	-1.10809941520468
DACA_ECOLI	28	27		887.8900343	-0.355592342040129
DACC_ECOLI	23	22		847.208049655411	-0.23690614175807
MACA_ECOLI	21	21		737.696996126126	-0.524836586408715
DMSA_ECOLI	7	7		665.263855	-0.237181231466946
DMSB_ECOLI	1	1		622.31475	-0.0272727272727274
MBHM_ECOLI	16	15		792.679396123188	0.0723869215174863
HYBA_ECOLI	2	2		582.684806666667	-0.710683760683761
MBHT_ECOLI	4	4		593.477042738095	-1.14139880952381
DACB_ECOLI	25	25		776.747190885417	-0.175610104070421
CPXP_ECOLI	3	3		561.277653333333	-0.450961538461538
YNFE_ECOLI	2	2		537.0230775	-0.386666666666667
YNFF_ECOLI	10	10		717.873798194444	-0.382340646068907
YNFG_ECOLI	1	1		500.701058333333	0.433333333333333
YDGA_ECOLI	31	31		943.584143427632	-0.450281912724735
PRC_ECOLI	50	49		801.409061793815	-0.580450168850251
MDTA_ECOLI	13	13		828.639656018519	-0.421339119817381
BETA_ECOLI	24	24		838.873730731707	-0.3997495570038
TAUB_ECOLI	6	6		526.115870833333	-0.734587542087542
HISP_ECOLI	17	17		852.617049013889	-0.529694335981771
PTFX1_ECOLI	2	2		816.4556575	0.643487394957983
PT1_ECOLI	36	36		882.209318928572	-0.211558739746956
PTGA_ECOLI	10	10		917.280466926667	-0.385744600062247
CYSA_ECOLI	5	5		810.106935	0.0802170868347339
HTPG_ECOLI	35	35		741.350030074359	-0.439319339929468
YBBL_ECOLI	1	1		900.94465	-0.613333333333333
YBBA_ECOLI	9	8		751.456925833333	-0.393224431818182
LPXH_ECOLI	2	2		855.168335	0.508760683760684
HDA_ECOLI	8	8		592.949903402778	-0.110404283216783
PPK_ECOLI	32	32		758.584197902299	-0.341278711788442
PPX_ECOLI	13	13		720.188264583333	0.0969928173887449
YPHE_ECOLI	3	3		877.744641972222	-0.41010752688172
ENTF_ECOLI	1	1		415.717225	0.2875
FEPC_ECOLI	6	6		704.931143787879	-0.626199220465525
ENTE_ECOLI	1	1		406.238125	0.6
ERA_ECOLI	15	15		735.470476577381	-0.072651525239411
LEPA_ECOLI	35	34		807.540111575981	-0.355094373638668
RPOE_ECOLI	14	14		804.408899613095	-0.319575455713227
PSS_ECOLI	33	33		784.076681568306	-0.412320899413434
SRP54_ECOLI	37	37		751.091541262531	-0.43914817225611
PPNK_ECOLI	1	1		1334.18739	0.621428571428572
PROV_ECOLI	24	22		876.010183459184	-0.306406273627812
SEQA_ECOLI	13	13		831.535392602207	-0.402601211409107
DHSA_ECOLI	38	38		847.015929891304	-0.500126775591088
DHSB_ECOLI	19	19		872.943947609649	-0.266988617943964
YBGC_ECOLI	5	5		839.584095714286	0.495132275132275
SYDP_ECOLI	8	8		797.601535359649	-0.226607142857143
RBSA_ECOLI	10	10		640.049406388889	-0.713841513878279
PT1P_ECOLI	9	9		908.767539702381	0.11541636785115
YBHO_ECOLI	5	5		913.372230277778	-0.387264957264957
YBHF_ECOLI	12	12		663.70918882353	0.0398775336720383
GLNQ_ECOLI	12	12		851.041786817204	-0.431612575226706
YBIT_ECOLI	23	23		754.766615486111	-0.455097509079783
GSIA_ECOLI	18	18		684.594710952381	0.0169039987789987
UBIH_ECOLI	7	7		726.607263597222	0.267885487528345
POTG_ECOLI	1	1		526.118758333333	-2.04545454545455
ARTP_ECOLI	14	14		861.411662964286	-0.453134210873518
POXB_ECOLI	10	10		658.765980476191	-0.240769036519037
YBJX_ECOLI	8	8		707.521107777778	0.00126870485036117
AMPN_ECOLI	21	21		822.053414623932	-0.380328408384578
SSUB_ECOLI	1	1		506.277975	0.53
PYRD_ECOLI	12	12		816.465806660494	-0.0184745026215615
UUP_ECOLI	19	19		732.329033333333	-0.561180016906562
YGHU_ECOLI	1	1		997.9534	-0.610526315789474
PLSC_ECOLI	11	10		789.535696431818	0.138297844533708
PARC_ECOLI	36	36		816.169614666667	-0.554291129080964
RIBB_ECOLI	1	1		435.73849	0.233333333333333
MBHL_ECOLI	2	2		522.0369925	0.262222222222222
PUTA_ECOLI	36	36		713.279221258503	-0.00205401317959932
RNE_ECOLI	66	65		844.339053380469	-0.79713511205924
ACP_ECOLI	4	4		622.209365	-0.432361111111111
MLAB_ECOLI	2	2		561.54703	0.363636363636364
MLAF_ECOLI	17	17		819.771578216667	0.0319518105315319
KDSC_ECOLI	2	2		739.856472222222	0.988235294117647
LPTB_ECOLI	19	19		797.032352202898	-0.234352623984203
PTSN_ECOLI	5	5		748.284035	0.0456060606060606
MDH_ECOLI	19	19		957.014462329365	0.103348061592625
DHNA_ECOLI	32	32		814.578713009804	-0.112051510294198
LOLD_ECOLI	13	13		930.656227366667	-0.299235638839804
POTA_ECOLI	19	19		853.894406306818	-0.702374906682379
HFLD_ECOLI	13	13		656.852661944445	0.0946003678124421
MINE_ECOLI	6	6		585.417167380952	0.257638888888889
MIND_ECOLI	28	28		752.145634212121	-0.208112630019264
DADA_ECOLI	24	23		893.390285099206	-0.321175359548417
DHAM_ECOLI	15	15		734.33887719697	0.222625581208915
NARG_ECOLI	34	34		714.98920108156	-0.509422310749695
NARH_ECOLI	9	9		671.877610666667	-0.84241082991083
MREB_ECOLI	21	20		804.238627132576	-0.200292237108769
YHDZ_ECOLI	1	1		456.745785	1.2
TRKA_ECOLI	19	19		777.348161178912	-0.160035627627081
GSPE_ECOLI	1	1		940.909766666667	-0.152380952380952
EFTU1_ECOLI	24	24		858.404941733631	-0.358563457594379
KEFG_ECOLI	6	6		861.684005986111	-0.508622211122211
YHES_ECOLI	14	14		695.363768008333	-0.233823087205897
MNME_ECOLI	11	11		669.078989	0.205830200696511
PHOU_ECOLI	13	12		677.348822090909	-0.427515614831792
PSTB_ECOLI	20	20		746.689024662037	-0.620188212808434
ATPE_ECOLI	9	9		849.403402714286	-0.267168671905416
ATPB_ECOLI	39	39		966.197163761905	-0.227981521155918
ATPG_ECOLI	30	30		814.686225552155	-0.366748953923439
ATPA_ECOLI	35	35		928.896567852234	-0.137846130549237
ATPD_ECOLI	15	13		835.138108672619	0.0331799893714609
MNMG_ECOLI	6	6		678.163966666667	-0.264285714285714
WECF_ECOLI	13	13		709.035561931818	0.0426663312532878
OPPD_ECOLI	11	11		796.384844888889	-0.0972395938492777
OPPF_ECOLI	13	13		753.147711904762	-0.0360225558754971
FABI_ECOLI	14	14		817.797506080247	0.0504645997748714
SAPF_ECOLI	16	16		755.559447738889	-0.236442945199172
SAPD_ECOLI	10	10		643.147723111111	-0.119550699300699
PSPA_ECOLI	42	42		775.156515731322	-0.831284840595645
YCJV_ECOLI	2	2		618.451733333333	-0.871666666666667
GLPD_ECOLI	41	41		795.312055168561	-0.394159915692987
UGPC_ECOLI	13	13		778.288889181818	-0.627035660754196
LIVF_ECOLI	1	1		622.81407	0.116666666666667
LIVG_ECOLI	2	2		539.025355	-0.173737373737374
FTSE_ECOLI	16	16		823.801492154762	-0.158222948606959
FTSY_ECOLI	28	28		866.047656592949	-0.14673286780479
PLDB_ECOLI	13	13		666.551036875	-0.297015829193431
UBID_ECOLI	13	13		904.94920625	-0.0111856280973928
CPXR_ECOLI	15	15		843.320349135417	-0.680567851752334
ZAPB_ECOLI	1	1		628.83226	0.354545454545455
NARY_ECOLI	1	1		1402.41295	0.34375
NARZ_ECOLI	5	5		682.976094444444	-0.761931336637219
USPA_ECOLI	8	8		886.297343977273	0.0724195075757575
DPPF_ECOLI	8	8		790.929828787879	-0.0449292958970406
DPPD_ECOLI	12	11		661.015413958333	-0.188735317712591
EFTU2_ECOLI	23	23		857.902550875487	-0.386211008885663
PLSB_ECOLI	49	48		753.750323890805	-0.180659219825336
DMSD_ECOLI	1	1		703.364975	0.461538461538462
MLC_ECOLI	9	9		715.20133724359	0.522190463857131
RNFC_ECOLI	18	18		604.208684565217	-0.0686030100503785
SECB_ECOLI	5	4		906.953648571429	-0.524533556112504
UVRA_ECOLI	20	20		723.697273653846	-0.0988152887417593
FRDB_ECOLI	11	11		801.626006346667	-0.696714962993038
FRDA_ECOLI	33	33		719.494251764368	-0.48883611858813
PSD_ECOLI	14	14		958.926652915923	-0.203640120493842
HFQ_ECOLI	1	1		654.689125277778	-0.74375
SUFS_ECOLI	2	2		483.5194375	0.7725
SUFD_ECOLI	3	3		614.6713875	0.3869708994709
SUFC_ECOLI	20	20		826.871040340909	-0.241542867960018
SUFB_ECOLI	17	17		762.458898209877	-0.352830463766569
FADK_ECOLI	1	1		400.219935	-0.742857142857143
BTUD_ECOLI	7	7		819.510718782051	-0.529194412318703
YNJD_ECOLI	5	5		756.592716111111	-0.402006191950464
DNAA_ECOLI	23	23		757.773136069768	-0.133727615867336
CYSQ_ECOLI	5	5		671.178008888889	-0.100371406371406
FECE_ECOLI	6	6		529.917381666667	-0.249232804232804
LCFA_ECOLI	20	19		831.183736518367	-0.242591036414566
PTNAB_ECOLI	31	31		825.622156357924	-0.235780253711409
ZNUC_ECOLI	10	10		649.408759404762	0.0346330891330891
SYD_ECOLI	26	26		760.345137619048	-0.0139927273308151
NADR_ECOLI	29	29		775.888520601852	-0.276773265842098
YJJK_ECOLI	35	35		789.544005945946	-0.472253776183093
AK1H_ECOLI	11	10		831.316095333334	0.257157981177861
ARAG_ECOLI	1	1		427.75361	0.8375
YECC_ECOLI	1	1		436.21793	-1.6
MTFA_ECOLI	6	6		588.601249895833	-0.389522283272283
YEFI_ECOLI	13	13		670.728352843137	-0.052291286747705
DNAK_ECOLI	42	42		866.944913416226	-0.485342087751904
THIQ_ECOLI	3	3		660.190518333333	-0.25250626566416
MURG_ECOLI	15	15		735.4792255	-0.276925004819742
FTSA_ECOLI	24	24		863.17704483688	-0.139677601645753
FTSZ_ECOLI	28	28		1020.03318792564	-0.0314225581895626
SECA_ECOLI	74	74		851.379597951531	-0.516887799583974
ODP2_ECOLI	35	35		872.599584442387	0.0109901560150632
DLDH_ECOLI	36	36		820.646690396009	-0.239776291293044
YADG_ECOLI	28	28		821.756055281421	-0.346728579602004
PTKB_ECOLI	3	3		980.253337222222	0.491636363636364
PTKA_ECOLI	9	9		867.703791050866	-0.0876382482184681
YEHX_ECOLI	2	2		840.9475	0.490217391304348
DLD_ECOLI	50	50		768.672002914191	-0.516517269870645
MGLA_ECOLI	6	6		572.128183541667	-0.313379213379213
FHUC_ECOLI	15	15		738.736197068628	-0.0843556591556592
FABZ_ECOLI	7	7		805.083390479167	-0.0606979987431115
LPXB_ECOLI	20	19		808.361282970086	0.00318651160063898
METN_ECOLI	17	17		879.161818166667	-0.0571147015311789
XGPT_ECOLI	3	3		793.477109166667	0.0750291375291375
PTFAH_ECOLI	7	7		697.789964259259	-0.120483749055178
YEJF_ECOLI	9	9		630.397351166667	0.00430976430976427
CCMA_ECOLI	1	1		486.778155	-0.8
NUOI_ECOLI	21	21		788.794534375	-0.545125674624805
NUOG_ECOLI	58	56		856.507656180216	-0.436993125664589
NUOF_ECOLI	33	33		810.102306567568	-0.499439886893713
NUOE_ECOLI	6	6		873.539787033333	-0.370738734949261
NUOCD_ECOLI	47	47		787.525354324159	-0.508421787166455
NUOB_ECOLI	14	13		884.214821746666	-0.558788764126885
ACRA_ECOLI	27	27		900.398154266667	-0.329589607567119
YFHM_ECOLI	39	39		711.472362777778	-0.232314943637057
ACFD_ECOLI	26	26		734.86519655	-0.419359939857483
YMBA_ECOLI	6	6		960.642872416666	-0.280430399780245
DCRB_ECOLI	12	10		888.922761875	-0.314663229729019
MDTE_ECOLI	1	1		782.85317	-1.2
YIAF_ECOLI	11	11		809.216321008772	-0.494769397269397
YNFC_ECOLI	4	4		661.842569666667	-0.716258741258741
NLPA_ECOLI	10	9		751.280747361111	-0.340859378457418
YIDQ_ECOLI	4	4		867.99576375	-0.9641875
METQ_ECOLI	20	20		981.830080099206	-0.38987905616781
APBE_ECOLI	1	1		530.753485	-0.666666666666667
BETT_ECOLI	10	10		653.535423571428	-0.453726301476302
YAHK_ECOLI	2	2		543.02936	0.171818181818182
PRPB_ECOLI	1	1		421.243405	0.275
CODB_ECOLI	1	1		729.825365	-0.0642857142857143
SBMA_ECOLI	4	4		540.39729875	-0.553165584415584
AROM_ECOLI	3	3		589.832028333333	0.047037037037037
MAK_ECOLI	3	3		874.894294444444	-0.177478632478632
SBCC_ECOLI	28	28		841.037538670635	-0.680899984601991
PHOR_ECOLI	6	6		686.984935833333	-0.291404881350534
BRNQ_ECOLI	3	2		708.3599575	0.139285714285714
PROY_ECOLI	1	1		564.842504166667	-0.469230769230769
YAJC_ECOLI	5	5		738.1187955	0.408333333333333
SECD_ECOLI	38	38		864.620469964158	-0.313213287626071
SECF_ECOLI	7	7		925.374115222222	-0.733448107448108
YFBV_ECOLI	2	2		580.5421075	0.157777777777778
PTA_ECOLI	34	32		769.567182307692	-0.277861318520785
HISM_ECOLI	4	4		554.750815	0.0647979797979798
HISQ_ECOLI	6	6		679.70040625	0.38753996003996
DEDD_ECOLI	10	10		773.84460675	-0.61011021494845
DEDA_ECOLI	3	3		628.627502666667	-0.744722222222222
FLK_ECOLI	9	9		587.5058805	-0.359624017957351
YFCJ_ECOLI	3	3		475.41499	-0.97989417989418
YFCA_ECOLI	1	1		437.23271	-0.0375
AROC_ECOLI	5	5		630.966261666667	0.449336675020885
SIXA_ECOLI	3	3		468.422426666667	0.401785714285714
YFDC_ECOLI	1	1		612.405504166667	-1.375
DSDX_ECOLI	1	1		539.731695	-0.11
FCTA_ECOLI	1	1		713.36551	-0.438461538461538
YPDA_ECOLI	8	7		674.389328666667	-0.139697802197802
NUPC_ECOLI	6	6		814.38046125	0.0866933221099888
YFEA_ECOLI	13	13		770.408260784314	-0.215055273111953
YFEH_ECOLI	1	1		880.403555	-1.5625
ZIPA_ECOLI	12	12		891.823757726786	-0.971841895272602
CYSZ_ECOLI	3	3		678.143951666667	0.120833333333333
CYSW_ECOLI	1	1		471.76725	-0.7875
MURR_ECOLI	1	1		409.69904	-1.42857142857143
YAJR_ECOLI	1	1		733.393725	0.357142857142857
CYOD_ECOLI	1	1		621.939541666667	-1.1
CYOC_ECOLI	1	1		451.73903	-1.4125
CYOB_ECOLI	13	13		750.54244751282	-0.820608492384808
CYOA_ECOLI	7	7		966.216646805556	-0.630768482680429
PPID_ECOLI	56	56		920.061587241466	-0.448025544820873
QUEC_ECOLI	5	5		752.0634040625	0.332538789428815
MDLA_ECOLI	14	14		773.747270614035	-0.290211296639868
MDLB_ECOLI	12	12		879.423992541667	0.0754045494399396
YLAB_ECOLI	5	5		657.1273446875	-0.280776240667545
YLAC_ECOLI	3	3		642.5986625	-0.0955555555555556
ACRB_ECOLI	37	37		876.081607246667	-0.365315788876416
ACRR_ECOLI	3	3		723.164392083333	-0.755076252723312
KEFA_ECOLI	34	34		774.279705562893	-0.460753795145317
YBAL_ECOLI	16	16		864.521486466667	-0.0617938512584685
FSR_ECOLI	1	1		821.239075	-0.43
COPA_ECOLI	24	24		908.484632013477	-0.169207565313242
YBBJ_ECOLI	2	2		539.0491625	-0.326704545454546
QMCA_ECOLI	8	8		904.829986060606	-0.0344964422550629
YBBM_ECOLI	1	1		664.34151	-1.13636363636364
YBBP_ECOLI	13	13		855.54450031746	-0.00869351662987504
PTYBC_ECOLI	2	2		835.975165	0.512272727272727
YFEZ_ECOLI	1	1		484.190185	-1.35
EUTA_ECOLI	1	1		594.92095	-0.0615384615384616
NARQ_ECOLI	2	2		805.198608333333	-0.739015151515151
ACRD_ECOLI	11	11		656.642465952381	-0.401403646858192
YPFJ_ECOLI	5	5		894.679512619048	-1.19373324714501
PERM_ECOLI	3	3		773.123378333333	0.0504260651629073
YFGG_ECOLI	1	1		828.908275	-0.846666666666667
IMDH_ECOLI	25	25		921.022609081561	-0.0883025825254697
YFGM_ECOLI	18	18		919.633462021368	-0.445243140148916
RODZ_ECOLI	15	15		812.317617269841	-0.512195232367429
YPHH_ECOLI	1	1		637.29984	-0.963636363636364
YFHK_ECOLI	14	14		827.288967698413	-0.20102990310047
CUSS_ECOLI	8	8		651.610442847222	-0.199525958110517
PHEP_ECOLI	1	1		680.35336	0.323076923076923
YBDG_ECOLI	11	11		548.048742619048	-0.528303489439853
FEPD_ECOLI	1	1		866.442475	0.205555555555555
CRCB_ECOLI	1	1		551.26877	-0.388888888888889
TATE_ECOLI	3	3		561.83275875	-0.607878787878788
RODA_ECOLI	4	4		698.871207666667	0.777335858585859
PBP2_ECOLI	33	33		802.458661127119	-0.376356963020839
GLTK_ECOLI	3	3		497.759311666667	0.159722222222222
GLTJ_ECOLI	6	6		782.747263095238	0.235070662768031
LNT_ECOLI	14	14		827.706483875	-0.190916941150637
UBIF_ECOLI	4	4		701.88597375	0.823798076923077
YFHB_ECOLI	5	5		691.008767142857	-0.386
YFHH_ECOLI	4	4		646.21894	-0.0683760683760684
LEP_ECOLI	21	21		727.534338293479	-0.809035271052547
RSEA_ECOLI	7	7		1053.46062111111	-0.70234026352978
KGTP_ECOLI	2	2		687.76691375	-1.58080808080808
YPJD_ECOLI	1	1		792.899579166667	-0.36875
YFJD_ECOLI	17	17		787.106885535714	-0.222308529874339
YGAF_ECOLI	4	4		621.94260625	0.0486066017316017
YGAP_ECOLI	8	8		794.278091111111	-0.141022911412544
YGAM_ECOLI	4	4		544.10573	-0.659618506493507
PROW_ECOLI	2	2		833.684175555556	0.372222222222222
YGAZ_ECOLI	2	2		1011.7223025	0.0682894736842106
EMRA_ECOLI	23	23		773.393371223809	-0.374347354009336
EMRB_ECOLI	1	1		618.317835	0.391666666666667
NAGC_ECOLI	22	22		754.089786071429	0.0991500857364442
NAGB_ECOLI	4	4		598.2972375	-0.914130314130314
PTW3C_ECOLI	23	23		831.282400984496	0.431817760433285
KDPD_ECOLI	19	19		812.779478518519	-0.0041928313232661
ATKC_ECOLI	2	2		952.520455	0.26043956043956
ATKB_ECOLI	11	11		763.942768461538	-0.165299203720256
DHSC_ECOLI	1	1		604.92095	-0.75
DHSD_ECOLI	2	2		543.28036	0.395
CYDA_ECOLI	17	17		727.468656302083	-0.280712372745898
CYDB_ECOLI	4	4		634.531403958333	-0.877529761904762
YBGE_ECOLI	1	1		618.334105	1.19090909090909
TOLQ_ECOLI	11	11		847.566394356061	-0.343419122469925
TOLR_ECOLI	3	2		886.563031952381	-0.124712643678161
TOLA_ECOLI	46	46		653.893442050725	-0.792426423098752
PNUC_ECOLI	1	1		573.270555	-1.73
MUTS_ECOLI	25	25		694.871989473684	-0.128477726968594
FTSB_ECOLI	1	1		721.8424	-0.714285714285714
CYSC_ECOLI	6	6		895.584064916667	0.127270723104056
PYRG_ECOLI	33	32		794.410595158602	-0.366294388213023
BARA_ECOLI	16	16		681.146336916667	-0.472230182904041
SDAC_ECOLI	4	4		608.805945	-0.908876262626263
XNI_ECOLI	4	4		785.256085238095	-0.474439102564103
RBSC_ECOLI	1	1		546.247515	-0.05
YGDL_ECOLI	4	4		890.125145	0.0710901027077498
LGT_ECOLI	5	5		919.064952	-0.224119047619048
AAS_ECOLI	23	23		715.834930047619	-0.250069165665448
YBHL_ECOLI	2	2		490.73044	-1.10833333333333
YBHR_ECOLI	2	2		845.732719444444	-0.202941176470588
YBHS_ECOLI	2	2		621.325887222222	0.00727272727272738
YBHG_ECOLI	19	19		822.760977297297	-0.588146949542674
YBIH_ECOLI	3	3		653.653555	-0.523677248677249
YBIO_ECOLI	1	1		638.34605	-0.107692307692308
GLNP_ECOLI	4	4		506.191318333333	0.442954545454545
RHTA_ECOLI	1	1		421.7298	-0.228571428571429
YBIP_ECOLI	1	1		436.248695	0.1875
GSIC_ECOLI	4	4		674.59420125	0.173127670940171
GSID_ECOLI	1	1		630.82972	0.775
YLIF_ECOLI	3	3		804.255381666666	-0.0896645021645022
MDFA_ECOLI	1	1		537.27492	-0.73
YBJL_ECOLI	2	2		728.470533888889	-0.358333333333333
YQEG_ECOLI	3	3		687.535298333333	0.428518518518518
RECJ_ECOLI	4	4		577.1779675	-0.541929945054945
YGFX_ECOLI	3	3		562.963230833333	-0.446936026936027
VISC_ECOLI	10	10		642.624152291667	-0.266040999935737
MSCS_ECOLI	14	14		833.9494732	0.0691631161236424
GALP_ECOLI	1	1		494.751795	-1.05555555555556
YGGT_ECOLI	3	3		823.703277777778	0.365614035087719
YGHD_ECOLI	1	1		558.78109	-0.5
YGHE_ECOLI	2	2		583.3348	0.531196581196581
ARTM_ECOLI	6	6		644.411184907407	0.141115061409179
ARTQ_ECOLI	3	3		790.91068	0.254057734204793
YBJT_ECOLI	12	11		713.010611435185	-0.24099420781239
YBJE_ECOLI	2	2		907.7425775	1.18846153846154
YBJD_ECOLI	9	9		727.321694642857	-0.154620771385477
MACB_ECOLI	13	13		682.23232175	-0.366864158670839
CYDC_ECOLI	20	20		815.494807011494	-0.293237558041235
CYDD_ECOLI	19	19		763.882448655914	-0.196731095801949
LRP_ECOLI	14	14		775.03555697619	-0.745353850003952
FTSK_ECOLI	9	9		753.044267727273	-0.0363798834201133
YCAC_ECOLI	6	6		910.732386653846	-0.434202982202982
FOCA_ECOLI	3	3		676.847011	0.104771241830065
MSBA_ECOLI	31	31		786.464733557576	-0.377613394847936
LPXK_ECOLI	7	7		696.657320138889	0.131362632465574
YCBC_ECOLI	5	5		919.980758407407	-0.210166666666667
YCBB_ECOLI	11	10		765.328303111111	-0.437405037944512
PQIA_ECOLI	1	1		931.894085	0.416666666666667
PQIB_ECOLI	40	40		806.080589188034	-0.486508471434525
YCCS_ECOLI	10	9		654.900255138889	-0.251287477954145
YCCF_ECOLI	3	3		703.375754333333	0.423989898989899
YCCA_ECOLI	2	2		506.800976666667	-0.6625
YQHA_ECOLI	4	4		604.017334444444	0.0833119658119658
EXBB_ECOLI	7	7		784.295289464286	-0.546974175250037
YGHB_ECOLI	1	1		491.274705	0.0999999999999999
QSEC_ECOLI	17	17		752.739599712644	-0.379824815445693
MDAB_ECOLI	4	4		869.202343547619	-0.203977272727273
YGIM_ECOLI	16	16		801.820460766667	-0.867369216180357
UPPP_ECOLI	2	2		640.046805	-0.103333333333333
PLSY_ECOLI	1	1		664.826555	-0.535714285714286
PRIM_ECOLI	4	4		682.532357666667	0.283084795321638
ALX_ECOLI	3	3		735.16480625	-0.0898860398860399
SSTT_ECOLI	2	2		601.0497775	0.0879166666666666
YQJD_ECOLI	8	8		605.705841388889	-1.17265398550725
YQJE_ECOLI	5	5		561.378377	-0.692787878787879
YQJK_ECOLI	2	2		595.223427777778	-1.18833333333333
YHAH_ECOLI	1	1		499.24835	-1.05555555555556
APPC_ECOLI	1	1		428.730665	-0.885714285714286
ETK_ECOLI	4	4		732.9917425	-0.211522194910353
TORC_ECOLI	1	1		450.22796	-1.2375
WRBA_ECOLI	6	6		928.611337651515	-0.325518234113569
PUTP_ECOLI	3	3		666.40788452381	-0.826900584795322
EFEU_ECOLI	2	2		680.3624575	0.856923076923077
OPGH_ECOLI	28	27		693.493329129252	-0.772106170673852
MDTG_ECOLI	1	1		406.21994	-0.742857142857143
HTRB_ECOLI	9	9		759.108268488889	-0.266348380275969
C56I_ECOLI	1	1		571.2586	-0.181818181818182
YCEH_ECOLI	3	3		881.18736875	0.431555555555556
MVIN_ECOLI	3	3		528.937805	0.748305860805861
YCEG_ECOLI	8	8		669.603178888889	-0.300237959844815
YHAM_ECOLI	9	9		741.428378333333	0.313006499673166
YHAO_ECOLI	1	1		492.262335	-0.75
TDCC_ECOLI	1	1		619.29423	-0.633333333333333
YRAQ_ECOLI	1	1		481.75722	-0.975
SECG_ECOLI	3	3		1244.40286041667	-0.0399739149739149
FTSH_ECOLI	59	59		860.350577533453	-0.495761764812887
YHBE_ECOLI	1	1		511.767785	-0.733333333333333
MLAE_ECOLI	5	5		730.32373125	0.55956746031746
KDSD_ECOLI	6	6		662.781057916667	0.325513538748833
LPTC_ECOLI	9	9		735.541574777778	-1.18570054153388
MTGA_ECOLI	4	4		602.582549047619	-0.528990127519539
ARCB_ECOLI	40	40		821.530281055556	-0.455595329887372
YHCB_ECOLI	11	11		775.107812805556	-1.15429598179598
DEGS_ECOLI	13	13		946.177869642857	0.0369846751798291
PTGCB_ECOLI	18	18		791.383605429167	-0.0300577660633074
LOLC_ECOLI	15	15		942.580843007246	-0.162320557220557
LOLE_ECOLI	9	9		691.148212222222	-0.162461910070606
POTC_ECOLI	1	1		561.968529166667	-0.0500000000000001
POTB_ECOLI	4	4		571.410852	-0.175
PHOQ_ECOLI	18	18		698.031604077381	-0.294773629148629
IDH_ECOLI	33	33		706.080877379487	-0.32976235968184
DSBB_ECOLI	3	3		646.50436	0.162962962962963
NHAB_ECOLI	6	6		719.07004325	-0.34662372786105
CVRA_ECOLI	5	5		665.971813333333	0.0832478632478632
YCHM_ECOLI	5	5		772.914378	0.219312260536398
SIRB1_ECOLI	3	3		944.216980555556	-0.643714285714286
CHAA_ECOLI	4	4		488.25136375	-0.75875
NARX_ECOLI	8	8		957.349033472222	-0.281216601897022
NARI_ECOLI	1	1		488.72473	-0.422222222222222
GALU_ECOLI	8	8		880.562701911111	0.290186780131633
OPPB_ECOLI	5	5		730.692918333333	-0.0908607568901687
AAEA_ECOLI	6	6		727.9881335	-0.438263888888889
AAER_ECOLI	6	6		770.296702619048	0.251500512370078
MREC_ECOLI	12	12		846.055516960784	-0.285365766677041
CSRD_ECOLI	3	3		675.178058333333	-0.366729797979798
YHDT_ECOLI	1	1		825.88118	-0.407142857142857
PANF_ECOLI	1	1		1016.58701	1.25263157894737
RSMB_ECOLI	8	8		819.818073181818	-0.106770248270248
MSCL_ECOLI	15	15		673.38867448	-0.394200780700781
SECY_ECOLI	20	20		817.738426868687	-0.0883445830774796
KEFB_ECOLI	4	4		633.671554166667	-0.312605311355311
YHFK_ECOLI	10	10		651.592359226191	-0.435738095238095
OXAA_ECOLI	21	21		870.162418464912	-0.846221873432323
YIEE_ECOLI	3	3		485.099556666667	0.0399999999999999
PURP_ECOLI	3	3		676.872650333333	-0.286968954248366
PTV3B_ECOLI	1	1		442.75889	-0.4
PSTA_ECOLI	3	3		702.027311666667	0.425277777777778
PSTC_ECOLI	2	2		644.82655	0.411188811188811
ATPF_ECOLI	22	22		752.623977457672	-0.844175413148216
ATPL_ECOLI	1	1		531.814195	0.133333333333333
ATP6_ECOLI	4	4		1012.96888983333	0.0630053213431235
KUP_ECOLI	4	3		473.594255	0.840357142857143
THD1_ECOLI	10	10		681.430675520833	0.292409648401134
GPPA_ECOLI	5	5		656.774550833333	0.205631313131313
WECA_ECOLI	3	3		538.213939166667	-0.787575757575758
WZZE_ECOLI	13	13		798.411303333333	-0.662065009006776
WZYE_ECOLI	1	1		494.7518	-0.655555555555556
YIFK_ECOLI	5	5		461.146503	-0.298611111111111
HEMY_ECOLI	28	28		758.664533480953	-0.920081582279788
HEMX_ECOLI	31	31		992.081245142512	-0.440479234623217
CORA_ECOLI	14	14		905.2689128125	-0.450893073108483
YIGI_ECOLI	11	11		650.178788277778	-0.106238947920766
OPPC_ECOLI	3	3		742.786580666667	-0.836330409356725
CLS_ECOLI	19	19		806.52949591954	0.0761490335000397
KCH_ECOLI	6	6		910.492272424242	-0.197983437939578
TONB_ECOLI	1	1		441.738495	-2.32857142857143
YCIC_ECOLI	1	1		511.76217	-0.122222222222222
TRPB_ECOLI	7	7		775.43856724359	-0.487870692525865
TRPC_ECOLI	2	2		700.5979425	-0.206153846153846
SOHB_ECOLI	7	7		699.813550138889	-0.511996991104134
PGPB_ECOLI	4	4		563.085343	-1.05753205128205
YCIS_ECOLI	4	4		876.241866416667	-0.177865612648221
SAPC_ECOLI	2	2		778.034902666667	-0.7475
SAPB_ECOLI	2	2		667.864621111111	-0.0576923076923077
PSPC_ECOLI	9	9		655.511486715686	-0.600263147346481
YCJF_ECOLI	8	8		727.995646428571	-0.676021634615385
AEEP_ECOLI	3	3		782.903098611111	-0.148484848484849
YCJZ_ECOLI	2	2		725.6171725	0.133333333333333
YNAI_ECOLI	5	5		985.332568809524	0.322981803143093
ZNTB_ECOLI	9	9		703.59247452381	-0.210592354082057
SIEB_ECOLI	1	1		587.825915	1.06
DAMX_ECOLI	30	28		887.823329073308	-1.07406401119909
PBPA_ECOLI	44	43		817.822507052239	-0.447502197142643
IGAA_ECOLI	26	26		823.906037815477	-0.418401021493127
ENVZ_ECOLI	7	7		556.785256428571	0.0587487116058544
FEOB_ECOLI	2	2		905.4608825	0.7025
GNTT_ECOLI	9	9		732.002272692308	0.609147851059616
GLPG_ECOLI	5	5		600.785110119048	-0.0950072150072151
DHAS_ECOLI	11	11		949.432571574074	0.0233381121323391
UGPE_ECOLI	1	1		882.930155	0.14
UGPA_ECOLI	1	1		467.243945	-0.75
FTSX_ECOLI	18	18		668.941755733333	-0.543342028342028
YHHM_ECOLI	6	6		671.681119621212	-0.933986503692386
ATZN_ECOLI	20	20		910.64209518254	0.0311524941194018
RHTC_ECOLI	1	1		704.372795	0.0714285714285714
RHTB_ECOLI	3	3		463.580896666667	-0.456785714285714
RMUC_ECOLI	23	23		707.652371262626	-0.646681904416458
UBIB_ECOLI	29	29		786.273553688679	-0.0833407768879638
TATA_ECOLI	7	7		699.734247962963	-1.61481653267368
TATB_ECOLI	9	9		619.62364515625	-0.64223544973545
TATC_ECOLI	4	4		848.171928333333	-1.22459057486631
TRKH_ECOLI	1	1		516.5362375	0.381818181818182
YIHG_ECOLI	1	1		567.298065	0.22
YIHN_ECOLI	1	1		493.7314	-1.81111111111111
YIHY_ECOLI	5	4		635.730378	-1.53991008991009
YIID_ECOLI	6	6		693.604047291667	-0.0848214285714286
FDOI_ECOLI	1	1		643.318025	-0.241666666666667
FDOH_ECOLI	6	6		586.5678406	-0.820666563828329
RHAT_ECOLI	1	1		400.219935	-1.45714285714286
CPXA_ECOLI	19	19		724.675396908333	-0.547211239776826
FIEF_ECOLI	8	8		838.140821816667	-0.615828098531903
CDH_ECOLI	12	12		798.865166775362	-0.564454018204018
YIIR_ECOLI	1	1		526.25163	-1.83333333333333
GLPF_ECOLI	3	3		730.3687675	-0.582539682539683
YDBH_ECOLI	14	14		729.53785872549	-0.0451258735226127
YNBB_ECOLI	1	1		429.240865	-0.675
MCP3_ECOLI	1	1		565.288025	0.327272727272727
TEHA_ECOLI	2	2		540.5260275	-0.385
ANSP_ECOLI	1	1		685.79397	0.371428571428571
ADHP_ECOLI	8	8		827.552405952381	0.353862817555252
YDDA_ECOLI	1	1		413.25157	-0.0857142857142858
YHHJ_ECOLI	1	1		819.171916666667	-0.455555555555556
YHIH_ECOLI	12	12		822.326921008772	0.0191703329882677
YHII_ECOLI	26	26		796.739438715278	-0.297113030037749
PITA_ECOLI	8	8		811.682353611111	-0.245603354978355
DTPB_ECOLI	1	1		442.197815	-0.2
MDTF_ECOLI	1	1		579.294355	0.116666666666667
YHJC_ECOLI	9	9		804.787300277778	-0.0744286743878248
YHJD_ECOLI	2	2		707.260586666667	-0.646470588235294
YHJG_ECOLI	21	21		716.137465476191	-0.110913881092453
DCTA_ECOLI	6	6		720.968147983333	0.442521167557932
YHJK_ECOLI	17	17		817.821559361111	0.158294186463691
BCSB_ECOLI	27	27		784.689657420635	-0.152327289926997
YHJU_ECOLI	4	4		1014.89311427083	-0.0907816091954023
DPPC_ECOLI	2	2		624.486865555555	-0.227232142857143
DPPB_ECOLI	1	1		755.36158	-0.00769230769230773
MENA_ECOLI	4	4		587.469868452381	-1.18928165584416
FTSN_ECOLI	19	19		690.408417715054	-1.14603933442606
CPTA_ECOLI	34	34		901.49417355	-0.910732504075096
YIJD_ECOLI	1	1		486.24414	-2.05
BIRA_ECOLI	8	8		781.980615705128	0.246197130755954
SECE_ECOLI	8	8		499.268689375	0.127380952380952
THIF_ECOLI	2	2		653.691416111111	-0.189583333333333
ZRAS_ECOLI	5	5		651.894342619048	0.238234126984127
YJBB_ECOLI	10	10		739.729283636364	-0.793792726520873
UBIA_ECOLI	2	2		559.5188025	-0.791666666666667
KDGL_ECOLI	4	4		531.323516333333	-0.558156565656566
YNEJ_ECOLI	1	1		752.388985	-0.0538461538461539
MARC_ECOLI	1	1		414.70378	-0.65
YNFH_ECOLI	1	1		410.20429	-0.557142857142857
TQSA_ECOLI	1	1		911.49346	0.0125
PNTB_ECOLI	11	10		916.867379534722	-0.0235454545454546
PNTA_ECOLI	22	21		924.77981859127	-0.183289162773974
RSTB_ECOLI	2	2		699.8302925	-0.844771241830065
RNFA_ECOLI	1	1		577.317095	0.836363636363636
RNFD_ECOLI	1	1		530.2543875	-1.23636363636364
RNFE_ECOLI	3	2		419.9594825	-0.925
DTPA_ECOLI	3	3		614.384076	-0.579594017094017
YDHJ_ECOLI	14	14		832.954060253086	-0.341104616205457
PTM3C_ECOLI	26	26		834.2301035	-0.305618448478368
LLDD_ECOLI	22	22		885.817744522222	-0.0129959065994704
YIBN_ECOLI	12	12		752.089702360215	-0.785882505022211
RFAL_ECOLI	2	2		523.266308888889	-0.567222222222222
KDTA_ECOLI	16	15		789.739779513889	-0.15422349545879
GLTS_ECOLI	6	6		1026.80423879487	0.555338874123544
YICH_ECOLI	26	26		894.741853539855	-0.303093722358243
YICL_ECOLI	1	1		419.737955	-0.0111111111111113
NEPI_ECOLI	1	1		482.225415	-0.8375
YICN_ECOLI	4	4		860.371956111111	-0.124147727272727
UHPB_ECOLI	3	3		590.966131666667	-0.635479797979798
YIDE_ECOLI	2	2		412.72104	0.2375
YJCD_ECOLI	2	2		730.650195	-0.215
YJCE_ECOLI	9	9		805.842111736111	-0.306905060287413
ACTP_ECOLI	3	3		549.21519	-0.546998834498835
YJCH_ECOLI	3	3		555.597385	-0.794444444444445
GLTP_ECOLI	11	11		821.1743801	0.0789934409025319
RPIR_ECOLI	3	3		707.537165	0.67308201058201
PROP_ECOLI	5	5		760.040765461538	-0.728539682539682
BASS_ECOLI	8	8		721.7734	-0.264199446386946
EPTA_ECOLI	21	20		856.338471540741	-0.86981195427666
YJDF_ECOLI	1	1		857.446825	0.26
CADC_ECOLI	3	3		880.782865	-0.206850459482038
DSBD_ECOLI	7	7		841.949042692308	-0.360139015120218
DCUA_ECOLI	3	3		614.393827166667	-0.924542124542124
FXSA_ECOLI	6	6		769.784372833333	-0.970675610621263
FRDD_ECOLI	1	1		484.256	-1.525
FRDC_ECOLI	2	2		495.7715675	-0.08125
YJEP_ECOLI	37	37		837.379957861111	-0.582412211989186
YDHC_ECOLI	2	2		777.549506458333	-0.858928571428571
MDTK_ECOLI	3	3		564.17988125	-0.111640211640212
YDIK_ECOLI	3	3		859.2260675	0.120589668615984
YNIB_ECOLI	2	2		770.221371666667	-0.957065217391304
YDJM_ECOLI	1	1		688.674963888889	-0.475
YDJN_ECOLI	5	5		778.838276904762	-0.0621616161616162
YNJA_ECOLI	3	3		767.38228	0.0964285714285714
SPPA_ECOLI	24	24		831.806765503704	-0.176015395578775
HFLK_ECOLI	33	33		885.882442678819	-0.660185012983672
YJET_ECOLI	1	1		793.900355	0.292857142857143
YTFB_ECOLI	1	1		1098.027635	-1.45263157894737
CYCA_ECOLI	3	3		744.410405694444	-0.306752136752137
YTFL_ECOLI	17	17		787.336273313725	-0.344293191500622
YTFN_ECOLI	32	32		814.48957755814	-0.135962335605906
PTTBC_ECOLI	9	9		961.876978535088	0.509950598783932
ATMA_ECOLI	41	41		827.234534480519	-0.163818751643214
LPTF_ECOLI	8	8		772.440208269231	-0.526655718185323
LPTG_ECOLI	11	11		899.507450046296	-0.0664304993252362
YJGR_ECOLI	24	24		772.44947844086	0.0691279455778098
YJGB_ECOLI	2	2		570.536085	0.0214285714285714
BETT_ECOLI	21	21		699.787957388889	-0.576759065641053
FECD_ECOLI	1	1		585.306925	0.309090909090909
SGCC_ECOLI	1	1		505.67955	-1.51
YEAJ_ECOLI	8	8		721.224097962963	-0.633280823119533
DMLR_ECOLI	5	5		667.176526904762	0.312301587301587
NUDL_ECOLI	3	3		546.730002916667	0.25030303030303
SDHL_ECOLI	20	20		759.252970445946	-0.158795725253031
YOAE_ECOLI	10	10		824.442767403509	-0.228501516404742
PTNC_ECOLI	2	1		541.944566666667	0.116666666666666
PTND_ECOLI	14	14		855.412638138889	-0.233169745840882
YEBO_ECOLI	5	5		768.389696666667	-0.904373428858723
YOBH_ECOLI	4	4		607.106023	-0.0472902097902098
YEBQ_ECOLI	1	1		531.74873	0.0749999999999999
HTPX_ECOLI	5	5		729.098133452381	-0.00929270729270733
YEBT_ECOLI	40	40		852.346071783854	-0.212355421500584
YEBE_ECOLI	15	15		854.890905355556	-0.642016974857576
HEXR_ECOLI	4	4		708.930483666667	0.136666666666667
MSBB_ECOLI	15	15		718.268080216049	-0.582593777682013
YEBA_ECOLI	3	3		512.761608333333	-1.12583333333333
YECN_ECOLI	1	1		834.400075	-0.0125
FLHA_ECOLI	1	1		774.243899916667	-0.745454545454546
FLHB_ECOLI	1	1		415.221965	-1.6
ARAH_ECOLI	1	1		531.751995	-0.416666666666667
YJIK_ECOLI	4	4		876.866203809524	-0.295785984848485
YJIN_ECOLI	2	2		642.08092	0.038392857142857
YJIY_ECOLI	10	10		738.321302269841	-0.453184407096172
OPGB_ECOLI	4	4		653.59237	-0.343935472739821
TYPH_ECOLI	28	28		852.612454107527	-0.0823815426938852
SMP_ECOLI	10	10		888.185058301587	-0.781511119317915
SERB_ECOLI	9	9		636.049968583333	0.0104028768502452
GPMB_ECOLI	11	11		636.627225964912	-0.53911820063994
CREC_ECOLI	2	2		585.2953625	-0.643181818181818
PGSA_ECOLI	4	4		513.812036666667	-0.0833739177489177
YEDQ_ECOLI	1	1		445.21433	-0.9625
YEDV_ECOLI	12	12		777.126525	-0.0908261047231635
C56H_ECOLI	3	3		848.917161666667	-0.139212962962963
SHIA_ECOLI	1	1		865.842	-0.473684210526316
COBS_ECOLI	4	3		612.31423	0.574705387205387
YEEA_ECOLI	2	2		587.5479225	-0.485858585858586
YEEE_ECOLI	1	1		472.73869	-0.411111111111111
WZZB_ECOLI	15	15		861.951491106061	-0.749990182758819
UDG_ECOLI	29	29		812.244208586539	-0.275773054809166
YAAH_ECOLI	1	1		475.74598	0.255555555555555
NHAA_ECOLI	5	5		685.773529761905	0.175055821371611
LSPA_ECOLI	1	1		525.251115	-0.07
KEFC_ECOLI	5	5		509.970985	0.368650793650793
DJLA_ECOLI	14	14		706.665495590278	-0.596129139301408
YABI_ECOLI	1	1		961.3642	0.845454545454546
LEUD_ECOLI	1	1		773.89884	0.535714285714286
FTSL_ECOLI	7	7		709.624991089744	-0.313923233629116
FTSI_ECOLI	30	29		773.420312111111	-0.0859086459626979
MRAY_ECOLI	4	4		540.27622875	-0.149903846153846
FTSW_ECOLI	1	1		492.28253	0.825
FTSQ_ECOLI	7	7		759.016449833333	-0.539880437023294
GUAC_ECOLI	8	8		549.620668409091	-0.827961282998048
AMPE_ECOLI	5	5		702.101552611111	-0.118158578263841
AROP_ECOLI	3	3		578.956997916667	-0.741132478632479
ODP1_ECOLI	50	49		816.449834816666	-0.311073400646282
DHG_ECOLI	22	22		737.749641467593	-0.372666411984716
YADH_ECOLI	2	2		819.60735625	0.837692307692308
RMLA1_ECOLI	3	3		531.455645	-0.3775
GALF_ECOLI	11	11		777.995642122807	-0.031900114662263
YEGH_ECOLI	9	9		796.098537333333	-0.585940157061214
ASMA_ECOLI	26	26		813.761052540741	-0.653997059984452
YEGE_ECOLI	2	2		609.2941	-0.657575757575757
MDTB_ECOLI	9	9		842.634881363636	-0.00527568922305767
MDTC_ECOLI	9	9		734.849556363636	-0.0321733285729674
BAES_ECOLI	9	9		805.272568666667	-0.140721672347833
GATD_ECOLI	10	10		653.248884625	0.0332189893439893
PTKC_ECOLI	8	8		551.157355069444	-0.0028823953823954
YEHU_ECOLI	5	5		939.715375476191	0.342730158730159
MLRA_ECOLI	2	2		918.028403333333	0.198529411764706
YOHD_ECOLI	1	1		427.75923	-0.757142857142857
YOHJ_ECOLI	1	1		465.725245	-0.844444444444444
YOHK_ECOLI	1	1		588.628683333333	0.373333333333333
CDD_ECOLI	1	1		1129.573145	0.878260869565217
SANA_ECOLI	7	7		775.10870952381	0.00983878399844781
MGLC_ECOLI	2	2		853.4441225	0.291575091575092
LYSP_ECOLI	3	3		588.543781	-1.00785510785511
YEIH_ECOLI	1	1		778.95165	2.12857142857143
PCNB_ECOLI	37	37		689.516404486339	-0.559012619960258
PBPB_ECOLI	47	46		879.704166175824	-0.338823735936528
CLCA_ECOLI	6	6		596.362102291667	-0.487725885225885
DXR_ECOLI	1	1		523.751285	-1.24444444444444
CDSA_ECOLI	1	1		642.824866666667	-0.353333333333333
RSEP_ECOLI	18	18		795.307286262626	-0.126708534047715
METI_ECOLI	4	4		1022.81529833333	0.950557632023149
YAFC_ECOLI	15	14		693.241483405797	-0.146025910180046
FADE_ECOLI	39	38		827.804809087963	-0.077469330586014
YAGU_ECOLI	6	6		664.07817462963	-0.531611705288176
PTFBC_ECOLI	17	17		823.867682156214	-0.322546890527442
YEIU_ECOLI	6	6		800.563091439394	0.0709582084582085
RTN_ECOLI	4	4		728.008685	0.59225912975913
YEJE_ECOLI	1	1		493.25196	0.0699999999999999
BCR_ECOLI	1	1		604.82001	0.7
YEJM_ECOLI	21	21		885.055886789855	-0.452671727940224
CCMH_ECOLI	4	4		698.245104	-0.183492063492064
DSBE_ECOLI	4	4		614.967748	-1.226875
CCMF_ECOLI	4	4		670.102003666667	-0.298173076923077
CCME_ECOLI	3	3		648.14691	-0.589277389277389
CCMD_ECOLI	1	1		542.27597	-0.75
CCMC_ECOLI	1	1		587.766075	-0.73
MQO_ECOLI	24	24		868.842821532857	-0.361991062830124
YOJI_ECOLI	7	7		709.775711875	-0.104123801035566
RCSC_ECOLI	34	33		725.787616768708	-0.0264083979993071
RIR2_ECOLI	12	12		880.406268956522	-0.460082166147793
RHMA_ECOLI	1	1		415.237795	0.571428571428571
ARNC_ECOLI	20	20		683.897409313726	-0.438388145480251
ARNT_ECOLI	8	8		675.760231527778	-0.364868113912232
ELAB_ECOLI	11	11		764.208643666667	-0.943642039778403
NUON_ECOLI	2	2		658.830666111111	-0.39030303030303
NUOM_ECOLI	3	3		428.894283333333	0.267261904761905
NUOL_ECOLI	5	5		890.4469325	0.0913847156427802
NUOK_ECOLI	2	2		662.195	-1.03049450549451
NUOJ_ECOLI	2	2		567.044098125	-1.08444444444444
NUOH_ECOLI	5	5		651.256582142857	-0.164388888888889
