Entry Name	Total #Tryptic Peptides	# Detectable Tryptic Peptides	Detectable(%)	mean gravy	mean m/z
C6EBY1_ECOBD	12	7		678.227087708333	-0.320492164477127
C6EIB4_ECOBD	21	13		766.452430041667	-0.272382151282604
C6ECX4_ECOBD	21	12		618.352910416667	-0.0993202861952862
C6ECG0_ECOBD	9	5		1007.39895555556	-0.18161501896796
C6ECX6_ECOBD	4	2		1002.765555	0.600717703349282
C6EGS4_ECOBD	20	10		783.307897777778	-0.184973500184026
C6EHM4_ECOBD	19	10		1027.07050958333	-0.0544345238095238
C6EEW5_ECOBD	13	8		714.954685333333	-0.158347953216374
C6EGQ7_ECOBD	24	16		657.0099465625	-0.830135798637637
C6ECS8_ECOBD	10	3		812.919341666667	0.121031746031746
C6EK52_ECOBD	22	9		766.234434333333	-0.278392255892256
C6ELA7_ECOBD	17	13		873.8540559375	-0.337082756875596
C6EDK6_ECOBD	10	7		755.660385555556	-0.196039238539238
C6EJ53_ECOBD	23	7		1023.715335	-0.36864659060105
C6EJT0_ECOBD	17	10		974.417866527778	-0.231364188220882
C6EIE7_ECOBD	22	11		891.890135277778	-0.168308300395257
C6EA79_ECOBD	25	9		993.1346545	-0.217917891781355
C6EKN4_ECOBD	17	13		789.170532604167	-0.404683881649826
C6EJC5_ECOBD	11	4		638.81203875	-0.53241341991342
C6EA92_ECOBD	20	11		892.031793044445	-0.235274032187908
C6EH62_ECOBD	20	12		819.921424583333	-0.235963053265208
C6ECL9_ECOBD	10	5		943.849671145833	-0.00967061923583657
C6EJJ6_ECOBD	16	8		794.002372954545	-0.36946158008658
C6EA88_ECOBD	12	6		846.665196041667	0.0837794486215539
C6EK60_ECOBD	17	7		933.057695476191	-0.527839620696764
C6EEH9_ECOBD	12	8		887.596875416667	-0.176486742424242
C6EDK4_ECOBD	9	6		1017.32363916667	0.181766862170088
C6EJX6_ECOBD	7	4		1184.888354	0.00944700460829495
C6EA22_ECOBD	23	9		819.538552575758	-0.493355094726062
C6ELK9_ECOBD	23	7		872.733035333333	0.364847096400805
C6EL32_ECOBD	16	7		1051.677530625	0.0530917143689839
C6ELH2_ECOBD	13	8		728.01863037037	0.0481444615326194
C6EL10_ECOBD	13	5		885.806206111111	0.706285714285714
C6EJI8_ECOBD	11	6		1074.61945572917	-0.211181732580038
C6EIB6_ECOBD	17	8		811.064951515152	-0.166535714285714
C6EI73_ECOBD	21	11		884.841271369048	0.0288770294033452
C6EHF0_ECOBD	16	7		855.055671666667	-0.271508463493253
C6EGY8_ECOBD	9	6		856.658111666667	-0.187165244885833
C6EGY7_ECOBD	13	9		897.217563136364	-0.17980881691408
C6EET2_ECOBD	21	12		792.8252353125	-0.221878404139433
C6EC25_ECOBD	17	10		865.409016666667	-0.0563531533825652
C6EAM3_ECOBD	12	6		706.746452916667	0.0547973322973323
C6EKS2_ECOBD	18	7		809.77908625	-0.440739750445633
C6EKJ7_ECOBD	13	10		957.774034236111	0.00547500929022662
C6EKF2_ECOBD	21	12		828.782652236842	-0.643858629293412
C6EJZ0_ECOBD	10	5		889.624701944444	-0.741848484848485
C6EJZ5_ECOBD	24	14		747.967863666667	-0.571134381491524
C6EJ57_ECOBD	7	2		1098.6299125	-0.176666666666667
C6EJ35_ECOBD	5	3		1124.4989255	-0.0962733204668687
C6EIP3_ECOBD	26	14		675.673368802083	-0.0151312179883608
C6EIH3_ECOBD	17	11		830.890507166667	-0.299806358516036
C6EID9_ECOBD	11	7		887.995621666667	-0.37312591703348
C6EEC9_ECOBD	19	7		1031.22272854167	0.275216996625665
C6EG06_ECOBD	7	3		801.169376666667	-0.108725490196078
C6EE17_ECOBD	21	10		968.245348375	-0.501290648077413
C6ECY1_ECOBD	7	3		979.788097916667	-0.306199067648838
C6EEW2_ECOBD	8	4		643.216495	0.226319444444444
C6EC38_ECOBD	5	3		1052.80524888889	-0.0113756613756615
C6EH78_ECOBD	20	12		680.215168974359	-0.239752648145505
C6EH75_ECOBD	19	9		822.929656666667	0.214552667070727
C6EDT4_ECOBD	23	12		592.841289583333	-0.346174242424242
C6EJF8_ECOBD	7	4		918.400207261905	0.361631513647643
C6EKD4_ECOBD	7	4		941.574554523809	0.268990384615385
C6EKD5_ECOBD	21	8		634.985180925926	-0.443690476190476
C6EAF8_ECOBD	22	8		851.958798333333	-0.532331574675325
C6EK70_ECOBD	14	6		891.249591969697	-0.132247468218056
C6ELB0_ECOBD	12	5		1157.23078083333	0.0291374849059859
C6EC65_ECOBD	18	7		929.361435909091	-0.105804709010689
C6EKB2_ECOBD	21	10		783.816566923077	-0.467052596526281
C6EGZ0_ECOBD	18	8		848.77683375	-0.433723069693465
C6EIX7_ECOBD	20	10		730.6029375	-0.348323875307699
C6EAZ9_ECOBD	19	10		894.111601217949	-0.57513786359839
C6EC47_ECOBD	18	10		992.216828717948	-0.329806528742289
C6EI25_ECOBD	17	11		957.414913333333	-0.205154629342918
C6EI53_ECOBD	18	9		954.507396666667	-0.173151250982133
C6EIW8_ECOBD	13	7		824.572258809524	-0.624854156574911
C6EF90_ECOBD	17	12		896.530623333333	-0.374783005149385
C6EHV8_ECOBD	18	11		828.19088	-0.585725781395638
C6EG25_ECOBD	18	12		773.311517	0.203427144682659
C6EAA8_ECOBD	24	14		694.683862604167	-0.0337711809665592
C6E9V0_ECOBD	10	5		1182.82386777778	-0.026500814000814
C6EGL5_ECOBD	19	13		829.542052541667	-0.177753117643316
C6EER2_ECOBD	17	5		986.683165	-0.603887085137085
C6ECC5_ECOBD	27	14		707.679571372549	-0.320399265766913
C6ELH3_ECOBD	15	8		1054.01985965152	-0.600499338624339
C6EA08_ECOBD	16	9		689.243664833333	-0.0955570754590362
C6EHK5_ECOBD	19	10		811.759364358974	-0.501051187409082
C6E9U8_ECOBD	21	9		760.750892055555	0.106992215603327
C6EKR9_ECOBD	29	11		662.343107611111	0.10975530708151
C6ECV9_ECOBD	22	9		872.193265972222	0.202587759656791
C6EJ52_ECOBD	23	13		733.0335346875	-0.171811564503872
C6ECX3_ECOBD	19	13		862.961251078431	-0.155605673553286
C6ED69_ECOBD	20	11		926.671575059524	-0.402942083169356
C6ELE3_ECOBD	20	12		804.640606666667	0.0441103411981895
C6EIB8_ECOBD	22	12		840.401996282051	-0.294990455146705
C6EIC1_ECOBD	22	12		810.265415208333	-0.155784189007873
C6EEF3_ECOBD	23	12		692.267840769231	-0.486409225306284
C6EAH9_ECOBD	23	13		771.671138645833	-0.0421026936921508
C6EAC6_ECOBD	19	13		818.346348571429	-0.1683800550882
C6ECD1_ECOBD	23	12		823.703590238095	0.020250212898071
C6EBH4_ECOBD	17	7		829.825338240741	0.228336081907511
C6EAT4_ECOBD	15	9		944.025947261905	0.07532895037539
C6EL52_ECOBD	23	14		727.044109509804	-0.25421564890324
C6EAC3_ECOBD	16	6		825.518238333333	0.233487394957983
C6EGZ8_ECOBD	15	9		839.147126333333	-0.0373921757255091
C6EED6_ECOBD	24	10		839.855106212121	-0.396921077552007
C6EIL5_ECOBD	20	11		780.021242888889	-0.240406941543305
C6EK90_ECOBD	22	14		703.926139351852	-0.337322122322122
C6E9Z0_ECOBD	17	8		837.420533518518	-0.00898573104455457
C6EB82_ECOBD	16	10		967.659104861111	-0.0664445226396126
C6EF05_ECOBD	24	10		748.1020775	-0.118385780885781
C6EC66_ECOBD	15	7		934.281788194445	0.212928546549236
C6EKA3_ECOBD	19	6		903.176509166667	-0.159339968310557
C6EAD2_ECOBD	14	9		1085.89878192308	0.143385962822065
C6EGB7_ECOBD	31	12		719.077741369048	-0.377641872016872
C6EBE1_ECOBD	21	14		707.725258555556	-0.0133373955642864
C6EIX1_ECOBD	26	12		743.856380555555	0.155614818295739
C6E9W2_ECOBD	27	11		703.9475625	-0.46277915173609
C6EK40_ECOBD	22	12		791.646195416667	-0.25093370681606
C6EIV2_ECOBD	23	11		884.285770384615	-0.135461134824771
C6EEF2_ECOBD	24	14		776.990291428571	-0.159884414877062
C6ELE4_ECOBD	22	11		858.751118194444	-0.0481257007994977
C6EFB4_ECOBD	21	10		842.5369605	-0.190733343776107
C6EI91_ECOBD	17	12		789.757062	-0.477506531723637
C6EH27_ECOBD	16	6		692.947770166667	-0.465975515712358
C6EDY9_ECOBD	26	13		739.664146904762	0.0866980413807039
C6ELC5_ECOBD	19	10		804.684554791667	0.0873284042269335
C6EH35_ECOBD	21	13		730.667149555556	-0.459601733086683
C6EH34_ECOBD	15	11		780.927759027778	0.0182351026224544
C6EFQ2_ECOBD	21	12		868.12578375	0.0691163959270577
C6E9Z4_ECOBD	26	10		788.720081666667	-0.0198695238635171
C6EET8_ECOBD	16	12		785.119436764706	-0.353816371149156
C6EHG4_ECOBD	26	16		654.846240701754	-0.166551084332334
C6EGM4_ECOBD	17	12		841.427910098039	-0.235851776966905
C6EAI0_ECOBD	18	13		756.344383095238	-0.269347864773846
C6EBJ6_ECOBD	24	8		840.159978125	-0.0953240304103791
C6EL44_ECOBD	13	9		851.948032352941	-0.133049205505346
C6EGW8_ECOBD	19	9		880.150193409091	-0.40769186885466
C6ELK4_ECOBD	19	16		712.17475375	-0.246725917382678
C6EFL3_ECOBD	17	8		938.499491794872	-0.146730612541539
C6EEM3_ECOBD	21	14		756.702177175926	-0.149897731820001
C6EJU6_ECOBD	15	8		1082.93191571795	-0.148988157184706
C6EG75_ECOBD	21	14		635.609745714286	-0.229634086151943
C6EJ48_ECOBD	20	11		836.716103777778	-0.154124418362386
C6EG51_ECOBD	20	12		811.196731333333	0.244366148827536
C6EDL5_ECOBD	16	9		749.065165897436	-0.233291160593792
C6EK83_ECOBD	29	11		699.515459666667	-0.319566222644286
C6EK16_ECOBD	21	6		756.261002142857	-0.327039821776664
C6EFT8_ECOBD	20	11		958.413775388889	-0.386294949632411
C6EAA7_ECOBD	22	7		742.015043571429	-0.200619047619048
C6EBH9_ECOBD	25	13		675.055293095238	-0.459358494753892
C6EDJ9_ECOBD	13	8		787.602334880952	-0.145577596618358
C6ECL5_ECOBD	19	8		649.743981702381	-0.647287308816914
C6EI46_ECOBD	19	9		938.346497833333	0.0742446750780083
C6EHX7_ECOBD	18	11		807.176979102564	-0.119723171565277
C6EB00_ECOBD	20	10		760.3809265	-0.267689267254485
C6EKX0_ECOBD	18	13		752.934693277778	-0.108817442117037
C6EAY7_ECOBD	21	10		785.526576363636	-0.185418564742094
C6EJJ7_ECOBD	19	7		799.4618115	-0.0755246842326675
C6EHL0_ECOBD	20	11		813.609353676471	-0.189175597130143
C6EGS0_ECOBD	18	11		794.360381519608	-0.654584225353814
C6EI94_ECOBD	22	12		823.422215989583	-0.207589751047669
C6EFC1_ECOBD	16	12		904.349596145833	-0.523776097091314
C6EKY4_ECOBD	19	10		907.809760244444	-0.152494453259159
C6EAT5_ECOBD	10	5		735.654945	-0.271766233766234
C6EAS7_ECOBD	22	12		859.694732555555	-0.0904812362142926
C6EJJ5_ECOBD	17	8		1060.80779033333	-0.326819800569801
C6EJM1_ECOBD	26	10		705.774765	-0.124239298283416
C6EIW3_ECOBD	18	9		868.630051515152	-0.203202103106036
C6EI56_ECOBD	22	12		640.5336709375	-0.229615040460629
C6EHI8_ECOBD	23	10		963.886927722222	-0.249046610186672
C6EHI9_ECOBD	24	12		746.467401282051	-0.383911181411181
C6EHF7_ECOBD	18	11		754.636562888889	-0.367658179932651
C6EGX9_ECOBD	20	11		861.494701333333	0.116598587758462
C6EGT8_ECOBD	16	7		759.112877166667	-0.375913143034992
C6EFV4_ECOBD	24	10		839.563013333333	-0.035722312689031
C6EEM2_ECOBD	16	7		835.06611875	-0.462548562548562
C6EEL9_ECOBD	22	10		865.282662738096	-0.282925486063644
C6EDQ0_ECOBD	16	7		1042.47976816667	-0.188206177238323
C6EDP4_ECOBD	23	14		758.238113666667	-0.0611488203734444
C6ECN6_ECOBD	17	9		1036.09661969697	-0.297376253339661
C6EBZ0_ECOBD	12	4		1149.03278133333	0.260777777777778
C6EB67_ECOBD	19	13		839.683614583333	-0.059310500427442
C6EA20_ECOBD	22	14		768.247872111111	-0.0946076764038949
C6EKL7_ECOBD	15	9		959.537188397436	-0.259863380347251
C6EII7_ECOBD	22	10		712.05138974359	-0.148176665439823
C6EIF3_ECOBD	26	12		776.378818076923	-0.504810853863485
C6EHR7_ECOBD	18	10		898.475824285714	-0.491253154253154
C6EFC6_ECOBD	11	7		793.175881851852	-1.31241452991453
C6EEF6_ECOBD	19	9		962.846033194445	-0.213589485049112
C6EDH6_ECOBD	28	14		712.804992401961	-0.470484693877551
C6EDH5_ECOBD	19	10		754.355898324561	-0.139789551842183
C6EEX8_ECOBD	19	12		756.919239294872	-0.233443732193732
C6ED32_ECOBD	12	2		453.9342425	-2.35714285714286
C6EER1_ECOBD	20	9		911.594185909091	-0.275380189068213
C6ECS7_ECOBD	19	8		1005.05741791667	-0.0287772082190587
C6ECK3_ECOBD	18	13		832.396646	-0.281458970767794
C6ECC9_ECOBD	20	9		798.844967272727	0.0732605707339296
C6ECC1_ECOBD	24	10		858.767090555555	0.254976483320601
C6EBX0_ECOBD	15	10		813.730564231481	-0.183708333333333
C6ECB3_ECOBD	16	5		757.765545555556	-0.446921568627451
C6EF68_ECOBD	19	10		872.468930988889	0.26466658692185
C6EG00_ECOBD	20	10		985.387925151515	-0.109150822295984
C6EKE8_ECOBD	12	8		982.145057666667	-0.180532661782662
C6EDR5_ECOBD	16	6		714.998518571428	-0.848978758169935
C6EEY4_ECOBD	18	9		673.8909975	-0.718045461427815
C6EK61_ECOBD	19	11		795.393891833333	0.00715654569409508
C6EH45_ECOBD	18	10		855.700253589744	-0.0324816859342031
C6EIU4_ECOBD	19	12		797.623893020833	0.0674033578077696
C6EI88_ECOBD	25	9		767.081140606061	-0.0398142865906023
C6EI87_ECOBD	17	12		720.081395637255	-0.289536130901262
C6EHZ6_ECOBD	19	13		768.094198921569	-0.562171717171717
C6EIA3_ECOBD	21	11		745.993975138889	-0.144610601816484
C6EHZ8_ECOBD	21	12		798.965444675439	0.0721313033813034
C6EHZ5_ECOBD	14	8		858.081273635417	-0.0325291783380018
C6EAN1_ECOBD	22	12		811.915519358974	-0.0826652842677881
C6EBZ9_ECOBD	28	13		753.847761960784	-0.362892539309543
C6EDN4_ECOBD	17	13		848.894495526316	-0.278928943103151
C6EDR1_ECOBD	23	7		891.629991041667	-0.0536757900484609
C6EDR0_ECOBD	25	9		972.823923181818	-0.211487582800989
C6EDQ9_ECOBD	18	12		730.9664709375	-0.238873656980275
C6EHC0_ECOBD	5	3		588.968033333333	-0.0596560846560847
C6EBG7_ECOBD	20	14		715.767834958333	0.292941667250878
C6EI50_ECOBD	23	13		789.906196342592	-0.329348030137504
C6EBG0_ECOBD	22	10		806.996150347222	0.0496638861138861
C6EIB7_ECOBD	19	9		953.193087564103	-0.243594962231644
C6EG69_ECOBD	22	15		735.049595740741	0.288751363451363
C6EG71_ECOBD	22	15		709.821735462963	-0.0341930008988833
C6EG68_ECOBD	16	7		706.392123333333	0.393916519987949
C6EG72_ECOBD	9	5		1013.01494506944	-0.370332374135513
C6EG70_ECOBD	26	14		675.722339270833	-0.0950552027337742
C6ELS0_ECOBD	17	11		883.302367371795	-0.486396377089282
C6ECP8_ECOBD	18	8		859.739465512821	-0.17408064668175
C6E9Z9_ECOBD	18	8		920.124450666667	-0.217458831609567
C6EEY5_ECOBD	21	10		824.912745256411	-0.286238125909179
C6EL55_ECOBD	24	13		740.192766388889	-0.112059397205835
C6ECD0_ECOBD	16	11		844.256248166667	-0.164888926862611
C6EGS8_ECOBD	22	12		793.801529	-0.516303158982662
C6EGR9_ECOBD	18	12		798.017922142857	0.178662432249323
C6EGY3_ECOBD	20	13		765.80373344617	-0.0592532950687583
C6EJL4_ECOBD	18	12		818.857905928571	-0.184556799126425
C6EJL3_ECOBD	23	15		692.12594962963	-0.195431492255022
C6EAH8_ECOBD	24	11		799.788247777778	-0.0859297565179919
C6EAU1_ECOBD	24	9		869.273035625	0.275014252269154
C6EDQ7_ECOBD	13	9		825.618091538462	-0.104512366323961
C6ECH7_ECOBD	20	12		845.815034285714	-0.159636975343497
C6EB40_ECOBD	20	12		873.597889583333	-0.151672054797055
C6EED9_ECOBD	19	10		747.335908166666	0.161136273209549
C6EEE0_ECOBD	22	12		802.040233055556	-0.442534164210029
C6EGC5_ECOBD	19	13		767.574161622807	-0.152549468064769
C6EE39_ECOBD	19	13		767.574161622807	-0.152549468064769
C6EKA0_ECOBD	17	12		851.841711733333	-0.280468999202552
C6EKA9_ECOBD	17	14		836.049221111111	-0.384761804074692
C6EK21_ECOBD	24	10		775.185423697917	0.0734370199116329
C6EFU4_ECOBD	21	12		760.113253541667	0.260823356711515
C6EAA5_ECOBD	14	7		839.081126916667	0.206983082706767
C6ECQ6_ECOBD	17	10		956.669315	0.237408521303258
C6EC69_ECOBD	18	14		782.458952592593	-0.0703160789675568
C6EKA7_ECOBD	21	10		834.840245862745	-0.242575263504611
C6EAD3_ECOBD	23	12		741.705413375	0.059366066123419
C6ECW9_ECOBD	16	10		897.551238265664	0.0405257416731874
C6ECX0_ECOBD	19	10		938.537171555556	-0.255852669065169
C6EAW1_ECOBD	21	10		931.985796190476	0.33778964864028
C6EFB1_ECOBD	21	10		751.417766875	-0.0690750377073907
C6EFB0_ECOBD	15	6		1158.42014722222	-0.382159677159677
C6EAW0_ECOBD	17	11		819.277304666667	0.280899560321
C6EIX3_ECOBD	27	7		972.593369166666	-0.116922865920562
C6EFE8_ECOBD	22	15		648.675600740741	-0.160674510674511
C6EIV3_ECOBD	19	13		822.905558095238	-0.0574720578566733
C6EKL5_ECOBD	20	11		662.792921025641	-0.321345910802674
C6EGV9_ECOBD	17	12		811.158217395834	0.285479334498657
C6ECV6_ECOBD	7	5		894.41841834127	-0.054775176514307
C6ELE7_ECOBD	26	10		803.211322388889	-0.0428499417249417
C6EKZ1_ECOBD	26	12		721.534054460784	-0.401236618319952
C6EH29_ECOBD	18	8		841.652138166667	0.568583303887917
C6EGB2_ECOBD	15	9		858.212919960784	-0.168681630642415
C6EC26_ECOBD	22	14		772.128133611111	0.110640218975579
C6EK18_ECOBD	20	8		760.232014	-0.188769841269841
C6EFC0_ECOBD	23	12		833.636863111111	-0.163130731922399
C6EFB9_ECOBD	21	14		727.153766710526	-0.116548316296216
C6EGX5_ECOBD	22	8		966.685834404762	-0.000295524192582955
C6EH26_ECOBD	20	12		770.554413263158	-0.0282793040293041
C6EAA3_ECOBD	23	10		834.764450416666	0.140081614292141
C6EKU2_ECOBD	19	10		858.238660064182	0.197392316017316
C6EHN5_ECOBD	19	14		769.195943614035	-0.0664542215487594
C6EGZ6_ECOBD	18	10		927.59023439394	0.543950292397661
C6EA85_ECOBD	20	11		865.1124040625	0.184001341795459
C6EAG3_ECOBD	24	15		677.030437368421	-0.0187018422753717
C6EGU1_ECOBD	23	11		640.476839545455	0.355556589874772
C6EGU2_ECOBD	8	6		683.87555	0.260208333333333
C6EH36_ECOBD	8	4		656.691645	0.195505964623612
C6EH32_ECOBD	18	10		896.391482916667	0.416160597572362
C6EDQ4_ECOBD	22	14		721.966948412699	0.11292872332346
C6EG97_ECOBD	21	12		762.328012692308	0.0403338930664512
C6EG62_ECOBD	22	10		888.031904487179	0.23215947539051
C6EGL0_ECOBD	19	12		634.219204444444	-0.0442740130240131
C6EB91_ECOBD	14	7		1118.47531703704	0.258120300415474
C6EAW5_ECOBD	22	12		755.220897941177	0.197715562860912
C6EBI1_ECOBD	22	13		805.570195541667	-0.0454769658446129
C6EGN9_ECOBD	30	9		746.808333461538	-0.870696593854489
C6EGN8_ECOBD	26	11		818.801978055556	-0.511087334382789
C6EEP8_ECOBD	24	12		790.31070859375	-0.427992295606741
C6EEP7_ECOBD	29	10		706.367746111111	-0.754141658779817
C6E9R5_ECOBD	20	12		873.809327857143	-0.423944345523878
C6E9R6_ECOBD	20	14		764.416571485507	-0.28782107898981
C6E9R7_ECOBD	13	8		882.531462864583	-0.354464370059765
C6E9R8_ECOBD	26	12		704.143787916667	-0.27808458354511
C6E9R9_ECOBD	19	7		1001.71572097222	-0.554854947156005
C6E9S1_ECOBD	22	12		651.975842857143	-0.446546462796463
C6EAU2_ECOBD	14	10		901.7026635	0.23661395113601
C6EFZ0_ECOBD	19	13		769.965132647059	0.121271111831312
C6EFY9_ECOBD	27	13		684.620837916667	-0.0197665243253479
C6EHX4_ECOBD	19	10		962.686755611111	-0.183630386408136
C6EG79_ECOBD	25	14		712.285015350877	-0.269923989409284
C6EF86_ECOBD	24	14		709.094487261905	-0.0242929234630916
C6EDX9_ECOBD	31	12		714.979014444444	0.0443086620169952
C6EHX6_ECOBD	21	10		839.352747738095	0.620035995583364
C6EGW5_ECOBD	23	11		814.763966555556	-0.271798996458087
C6EIC6_ECOBD	21	10		751.637192083333	-0.00750688527159121
C6EIB0_ECOBD	15	10		939.939617175439	0.067954365079365
C6EKL0_ECOBD	29	15		683.323743627451	-0.279303612566771
C6EJX8_ECOBD	16	9		930.039905059524	0.100434275238197
C6EKK9_ECOBD	19	13		796.679450555555	0.185854434491558
C6EJU8_ECOBD	25	10		780.03569375	-0.117520562770563
C6ECW5_ECOBD	22	9		802.730283809524	0.0953092278092278
C6EK01_ECOBD	30	13		761.913866111111	-0.400894060188178
C6EG78_ECOBD	23	14		766.688106851852	-0.211979372908584
C6EL61_ECOBD	21	11		865.74160125	-0.0444087652159752
C6EJ40_ECOBD	24	7		832.007213333333	0.452072927072927
C6EA29_ECOBD	16	9		919.08495125	-0.0974021051200685
C6EL85_ECOBD	16	11		943.130197058824	-0.173052971779326
C6EL60_ECOBD	15	8		885.074763939394	0.121655517614569
C6EAL6_ECOBD	12	7		835.832285011905	0.0613013302486987
C6EAL7_ECOBD	7	4		939.486771190476	0.324207236842105
C6EC13_ECOBD	21	11		858.621765111111	0.236394581971219
C6EH23_ECOBD	14	6		637.04817125	0.0634875541125541
C6EHJ3_ECOBD	21	10		642.814667435897	-0.0805887445887446
C6EI37_ECOBD	20	15		684.415339166667	-0.220741242329952
C6EJ65_ECOBD	21	10		821.24333775641	0.0370271672771673
C6EHV2_ECOBD	16	11		771.900432604167	-0.010977707288449
C6EHC9_ECOBD	27	11		730.339279114583	-0.187654712082461
C6EDL7_ECOBD	23	11		779.800739382353	-0.220179089252056
C6EK14_ECOBD	22	9		782.938605555556	-0.129756975051093
C6EFU1_ECOBD	29	13		739.023008111111	-0.168790555598248
C6EFU2_ECOBD	22	14		760.634148257576	-0.0192436397635978
C6ELI7_ECOBD	24	9		827.662008194444	-0.352843055350795
C6EAV7_ECOBD	26	10		835.776196190476	-0.168732142857143
C6EDI0_ECOBD	8	6		882.156636190476	-0.447695767195767
C6EJP7_ECOBD	19	10		786.869708444444	-0.345924242424242
C6EJY2_ECOBD	24	11		834.794881666667	0.0243577500930442
C6EI49_ECOBD	20	11		823.921906470588	0.238109897542588
C6ECS2_ECOBD	20	12		811.953384444445	-0.209129084943459
C6ECS3_ECOBD	21	14		732.932861008772	-0.280049826125692
C6ECS4_ECOBD	15	11		829.764832066667	-0.0948859839220341
C6ECS5_ECOBD	17	12		899.984324909091	0.0144138884601533
C6EBW1_ECOBD	32	12		694.450266444444	-0.104822208987263
C6EJ79_ECOBD	10	7		882.938786527778	-0.246814058956916
C6ELL8_ECOBD	18	14		805.163427303922	-0.0758293590568892
C6EAY9_ECOBD	20	13		802.734866764706	-0.126764266435319
C6EGH7_ECOBD	22	8		927.047643484849	-0.182703283635589
C6EF55_ECOBD	27	10		738.6296275	-0.158565039180768
C6EIK1_ECOBD	13	10		882.111358325397	0.196360624517601
C6EFC4_ECOBD	25	9		932.269711527778	-0.100906849969457
C6EEJ0_ECOBD	10	6		836.969418653846	0.0953476443672521
C6EI33_ECOBD	21	11		862.248789411765	-0.564157004774307
C6ED66_ECOBD	24	11		780.396154277778	0.157156454656455
C6EG19_ECOBD	24	15		620.782287460317	0.100715884519677
C6EA49_ECOBD	14	6		685.862443833333	0.000610722610722601
C6EAT0_ECOBD	24	11		697.948255	0.0683627904603136
C6EKW9_ECOBD	19	11		843.133387631579	-0.068691182554819
C6EKX4_ECOBD	20	14		794.412308823529	-0.325423861852433
C6EJK1_ECOBD	14	7		804.62396037037	-0.17741284250601
C6EIY8_ECOBD	16	11		940.218868020833	0.149349628016072
C6EIZ3_ECOBD	26	9		849.684399242424	-0.317178123600537
C6EIW2_ECOBD	19	12		869.390081203704	-0.27763630742855
C6EIA4_ECOBD	24	13		770.665721458334	-0.0730796666221768
C6EBE4_ECOBD	24	9		843.561646760417	0.0360396726928985
C6EB51_ECOBD	26	14		744.605158981482	0.132227208267677
C6EAI2_ECOBD	22	12		862.567032768519	-0.0725715723487463
C6EA17_ECOBD	21	11		786.746242745098	0.197578255078255
C6EI03_ECOBD	17	12		796.905252205882	-0.357926119265253
C6EGI8_ECOBD	21	13		816.602595972222	-0.256837466203982
C6EGB1_ECOBD	20	12		741.858276296296	0.0848027648443249
C6EBI0_ECOBD	21	12		745.686366031746	-0.323227358189626
C6ECK1_ECOBD	18	10		861.235489242424	-0.00437058034271659
C6EKG0_ECOBD	21	11		820.517537051282	0.247288404641379
C6EEX0_ECOBD	9	4		728.884934333333	-1.13205409356725
C6EBW9_ECOBD	20	14		695.630853025	-0.0044163187296757
C6EFS8_ECOBD	30	12		598.597484285714	-0.653888125763126
C6EFR4_ECOBD	25	11		752.772207666667	0.00020734464584724
C6EID7_ECOBD	13	6		977.679410555555	-0.457867739471155
C6EL01_ECOBD	20	10		785.818035757576	0.0134289120702164
C6EFA2_ECOBD	16	9		841.365078	-0.0308101166877258
C6EEH1_ECOBD	18	12		873.781579102564	-0.184860584233156
C6EA87_ECOBD	20	11		871.777481282051	0.151960694104657
C6EDB0_ECOBD	18	9		969.717252761905	0.0149969045589249
C6EKI9_ECOBD	25	12		653.082714230769	-0.155198112073112
C6EEC7_ECOBD	14	9		843.192746666667	-0.034137477016734
C6ED82_ECOBD	13	8		820.926966111111	-0.230431547619048
C6EI30_ECOBD	11	7		1016.64391270833	-0.0654417151475975
C6EDR3_ECOBD	20	11		834.641991282051	-0.408161512400643
C6EGL9_ECOBD	24	11		884.969822948718	0.015587131479311
C6EGL7_ECOBD	21	13		839.491756666667	0.0724896364319441
C6EJ32_ECOBD	24	12		743.991130294118	0.323132336073513
C6EL02_ECOBD	11	8		1109.33821703704	0.199291167809962
C6EKP2_ECOBD	11	9		961.233931481481	-0.192142889789949
C6EL00_ECOBD	22	13		750.102008809524	-0.0304083889966243
C6ED58_ECOBD	15	6		1170.53933055556	1.1900348583878
C6EEN9_ECOBD	20	9		927.788752055556	-0.00854312970979639
C6EFQ7_ECOBD	19	8		879.356105	-0.0632668067226891
C6EHQ7_ECOBD	12	8		936.557319318182	0.602478632478632
C6EAU6_ECOBD	20	13		788.827843611111	0.247595166271637
C6EHN0_ECOBD	14	5		1179.68112690476	0.664676434676435
C6EBT1_ECOBD	13	5		601.118696	0.463217948717949
C6EH17_ECOBD	26	13		752.448040333333	-0.0640803783111476
C6E9U6_ECOBD	21	11		759.0437815	-0.115004085961024
C6E9U3_ECOBD	16	8		1049.9901125	0.795770697167756
C6ELC4_ECOBD	23	9		815.284819375	-0.229464648202006
C6ELJ7_ECOBD	17	10		959.013685277778	0.0998520779823836
C6EAU5_ECOBD	9	5		1009.2392047619	0.291546718825821
C6EIC0_ECOBD	11	8		990.651661481481	0.811978164454187
C6EIB9_ECOBD	12	6		853.572319375	0.493417755991285
C6EAP3_ECOBD	21	12		718.768379166667	-0.255137533137193
C6EJN7_ECOBD	18	5		752.978961	-0.0747380952380953
C6EJN8_ECOBD	12	5		1069.89865666667	0.0251661623400754
C6ECA6_ECOBD	21	9		830.856083472222	-0.364339426006093
C6EG65_ECOBD	13	5		1145.89899208333	0.779577554599075
C6EG67_ECOBD	18	10		646.979529	-0.137402977457325
C6EG66_ECOBD	4	2		1114.0895	0.679901960784314
C6EFA5_ECOBD	17	9		777.690180185185	-0.309106632313997
C6EAM7_ECOBD	24	13		732.272207953704	-0.0823968079974946
C6EJ86_ECOBD	21	12		838.785127	-0.0816175618971672
C6ED12_ECOBD	21	12		714.001948125	0.249394864394864
C6EA15_ECOBD	12	4		831.011745666667	0.493082706766917
C6EEF1_ECOBD	15	8		909.604141	-0.00719530408317171
C6ELR7_ECOBD	13	8		796.389666041667	0.403279409882232
C6EE41_ECOBD	18	8		870.494305185185	0.186844336219336
C6ELI3_ECOBD	11	3		819.286373333333	0.861688311688312
C6EB94_ECOBD	14	7		997.867947714286	0.385677656619869
C6EHF6_ECOBD	12	5		1084.31656342857	0.490866436810709
C6ECZ1_ECOBD	17	9		773.795240151515	-0.0540821322143161
C6EA01_ECOBD	12	8		1104.045948125	0.66445331181253
C6EA02_ECOBD	6	1		1457.61417958333	1.2
C6EA03_ECOBD	15	8		788.370553703704	-0.373584934540098
C6EA04_ECOBD	11	8		1142.23528592593	0.707967376373626
C6EA06_ECOBD	22	11		827.456622727273	-0.420151044784476
C6EAG9_ECOBD	17	11		888.288367380953	-0.0712212787212788
C6EEY0_ECOBD	20	15		756.04491185	-0.227231170300288
C6EGP8_ECOBD	10	5		842.434352512266	0.0183265582655826
C6EAC9_ECOBD	20	11		847.205894551282	0.518475189842837
C6EFY7_ECOBD	23	9		982.926718888889	0.37494477987899
C6EB80_ECOBD	18	8		709.479585666667	0.846599493409707
C6ELP4_ECOBD	10	4		1168.11113375	0.312375222816399
C6EKY0_ECOBD	12	9		925.753839027778	-0.137708569477886
C6EFZ7_ECOBD	20	11		941.888136988889	-0.312579696836614
C6EE54_ECOBD	15	9		789.221976319444	0.177847478766064
C6EEY6_ECOBD	19	13		902.590083627451	-0.0345472561626409
C6EK68_ECOBD	6	6		1152.95941857143	0.769615009746589
C6EBH2_ECOBD	19	10		901.801244059524	0.156491441066254
C6EGK8_ECOBD	21	11		792.628748076923	0.0792225988413672
C6EKD1_ECOBD	17	11		849.394417340909	-0.0178414632974751
C6EGS6_ECOBD	7	1		1535.83611	1.31379310344828
C6ECD6_ECOBD	10	6		1004.26680802083	0.676500550939575
C6EJK5_ECOBD	13	5		1144.77780888889	0.862234432234432
C6EJK4_ECOBD	12	5		1174.011417	0.805887838338895
C6EI96_ECOBD	20	7		644.633825833333	0.00317460317460312
C6EI95_ECOBD	23	10		699.034711180556	0.2709400339083
C6EL34_ECOBD	19	11		901.927210166667	0.151088405702042
C6EL35_ECOBD	10	7		834.150258520833	0.582724867724868
C6EL36_ECOBD	9	5		1071.14404862121	0.817310276717487
C6EL37_ECOBD	3	2		813.139550416667	0.33375
C6EJB7_ECOBD	17	9		780.097975977778	-0.0168553443553444
C6EL65_ECOBD	14	6		766.306226111111	0.209604349139233
C6EFI8_ECOBD	17	5		922.117849166667	-0.919131313131313
C6EEF5_ECOBD	13	6		1084.86042928571	1.04524426172292
C6ECY7_ECOBD	13	6		939.639924583333	0.47244301994302
C6ELD6_ECOBD	15	5		785.937029166667	0.150833333333333
C6ELD9_ECOBD	21	9		814.481800416667	-0.200941639507283
C6EGZ7_ECOBD	15	12		853.592974222222	0.148211420089504
C6EFE1_ECOBD	14	8		1035.439548	0.0719628527082612
C6EAT3_ECOBD	13	6		815.252671190476	-0.00642276257195618
C6EJL6_ECOBD	9	5		705.791346666667	0.587252321981424
C6EJL5_ECOBD	5	3		815.175382291667	0.676875
C6EAZ8_ECOBD	26	13		797.48041037037	-0.244033599778103
C6EC31_ECOBD	22	17		628.997159090909	0.204836500788513
C6EI86_ECOBD	10	6		1284.44285208333	1.08922528860029
C6EK73_ECOBD	25	14		696.634761222222	-0.0588092066663496
C6EED7_ECOBD	11	6		1043.08995858333	0.824965272396047
C6EED8_ECOBD	13	7		969.651956851852	0.302448830409357
C6EGT2_ECOBD	12	7		949.670019444444	0.455634920634921
C6ECY9_ECOBD	13	4		1056.48604833333	-0.240722049689441
C6EA05_ECOBD	16	7		794.296437166667	-0.243127705627706
C6ELA3_ECOBD	15	6		1047.95864141667	0.95644483390173
C6EDL1_ECOBD	14	9		1059.90830333333	0.375131505270628
C6EAB2_ECOBD	20	11		738.320870347222	-0.417310770038043
C6E9T3_ECOBD	11	5		843.175861785715	-0.734622082897945
C6EJU1_ECOBD	20	15		780.209376354166	-0.303182299182299
C6EJU0_ECOBD	11	3		1374.09024	1.1941403424162
C6EFH0_ECOBD	22	12		731.614058088235	0.115495456636761
C6ED10_ECOBD	16	5		874.970572777778	0.783104684788895
C6EHM6_ECOBD	18	9		835.005713	-0.205031665864999
C6EKR2_ECOBD	16	10		930.560568611111	0.121637201524461
C6EHY7_ECOBD	16	7		943.853362222222	0.0266732804232804
C6EA67_ECOBD	17	10		906.705078571429	0.0625622059100318
C6EF06_ECOBD	21	14		641.306791388889	-0.332850734269907
C6EF07_ECOBD	18	8		933.149243055555	0.661804523091288
C6EC68_ECOBD	15	9		935.290318472222	0.801231809487389
C6EFG5_ECOBD	18	11		838.481418589744	0.185952549007332
C6EKA5_ECOBD	11	7		1023.21855857143	1.07996656945465
C6EEY3_ECOBD	13	8		815.515090069444	-0.117290226548877
C6EBU8_ECOBD	14	9		812.341576166667	0.697795947888827
C6EBU7_ECOBD	21	11		827.009436777778	0.153260440539852
C6ELD2_ECOBD	21	16		648.785691287879	-0.37230252131447
C6EI78_ECOBD	14	7		1092.53184398148	0.795459956709957
C6ECX1_ECOBD	11	5		775.380578055556	0.182339572192513
C6ECX2_ECOBD	7	4		656.547447	0.258273915626857
C6EKY5_ECOBD	13	6		1059.63442047619	0.309102215766689
C6EJB9_ECOBD	10	6		782.859119523809	-0.785925925925926
C6EH49_ECOBD	25	8		744.81321375	-0.0947074915824916
C6EAX1_ECOBD	27	12		697.875805416667	-0.0399642024642025
C6EI92_ECOBD	10	4		900.822951666667	-1.15272946859903
C6EAX2_ECOBD	14	7		696.397763541667	-0.289499646012251
C6EE76_ECOBD	22	12		806.334744558823	-1.16710885958976
C6EAW2_ECOBD	24	10		827.702562777778	-0.464547739297739
C6EAW6_ECOBD	21	11		856.212570757576	0.768351180410004
C6EFB2_ECOBD	22	14		751.119535520833	-0.304277111777112
C6ECY5_ECOBD	15	5		1139.878972	0.523367284889024
C6EAR5_ECOBD	19	10		934.462579222222	0.224731354235144
C6EIG8_ECOBD	16	4		1480.176375	1.21465193965517
C6EGN1_ECOBD	15	9		976.954295222222	0.381373138385522
C6EAL9_ECOBD	18	11		901.123911392857	0.224960536608758
C6EIX2_ECOBD	16	12		906.792637179487	0.939992323391923
C6EEX1_ECOBD	9	6		1198.40902392857	0.803002505076733
C6EFF0_ECOBD	16	9		839.705325358975	0.128208168642951
C6EK41_ECOBD	14	8		873.960913125	0.558171233006759
C6EK42_ECOBD	13	12		976.248107179487	0.799957010582011
C6ED48_ECOBD	14	9		1026.7166277381	0.814027898027898
C6EDD6_ECOBD	12	9		1059.83140930556	0.863448872115539
C6EFF9_ECOBD	13	8		918.61152737037	1.08772792448779
C6EBH6_ECOBD	15	13		756.705219814815	-0.365330162547357
C6EG34_ECOBD	19	11		760.284089642857	-0.0092284084867817
C6EIV1_ECOBD	16	8		950.6010295	0.600172466422466
C6EGD9_ECOBD	23	13		737.100461764706	-0.14455831318696
C6EAV2_ECOBD	18	9		952.468254807692	0.0476365486365487
C6EG12_ECOBD	19	14		751.388004642857	-0.234889448313361
C6EG13_ECOBD	23	10		640.546866060606	-0.742243867243867
C6EBX4_ECOBD	21	11		818.051652395833	0.0857810490944462
C6ELE6_ECOBD	16	11		1028.55206077381	0.701405655854592
C6ELE5_ECOBD	14	6		638.214108333333	0.639046092796093
C6EC00_ECOBD	12	6		864.733911190476	0.103125541125541
C6EHF9_ECOBD	23	9		941.609946410257	0.0252041894198757
C6EGV5_ECOBD	26	13		682.779146764706	-0.257306895383819
C6EFH7_ECOBD	14	8		954.86711825	-0.375389070629544
C6EKK1_ECOBD	26	7		939.171292575758	0.327720839531985
C6EFY6_ECOBD	12	10		1083.44605820513	0.987332881145666
C6EDX8_ECOBD	10	6		893.868718809524	0.570850327879313
C6EJN9_ECOBD	21	12		725.4050309375	-0.0354882802382802
C6EH30_ECOBD	16	10		771.027627604167	0.288600236646383
C6EDF8_ECOBD	27	9		833.022872690476	0.296742410209902
C6EKZ9_ECOBD	21	12		838.932178690476	-0.331287290441508
C6EGB3_ECOBD	12	5		863.433600666667	1.07715384615385
C6EB06_ECOBD	13	8		1066.76395933333	0.963745568499601
C6EJZ9_ECOBD	13	5		954.418314333333	0.11541540812129
C6EG56_ECOBD	12	7		990.384298796296	0.886490444670896
C6EK19_ECOBD	21	7		928.013767916666	0.242673469387755
C6EAY3_ECOBD	18	10		826.63631984375	-0.093091916253681
C6EJ41_ECOBD	11	11		1076.99905833333	0.388247269865997
C6EDI4_ECOBD	17	10		919.44932878125	0.147150777828409
C6EK38_ECOBD	13	6		951.806709047619	0.619223722184248
C6EGX6_ECOBD	20	12		932.597462820513	0.103810495201215
C6EGX4_ECOBD	17	8		1081.55601743056	0.271046148823006
C6EH28_ECOBD	18	8		879.51335969697	-0.275625
C6EC90_ECOBD	16	9		843.536631041667	0.220675623825779
C6EC89_ECOBD	20	12		880.861104166667	0.154883838713173
C6EI67_ECOBD	24	12		797.973463333333	0.280030311010703
C6EI93_ECOBD	19	10		746.756623055556	-0.0982648856990962
C6EB26_ECOBD	9	7		1100.41444398148	0.825704396910279
C6EAF7_ECOBD	8	3		760.585875	0.670641025641025
C6EIA2_ECOBD	20	11		864.941522303922	-0.0981074077281508
C6ELJ0_ECOBD	20	9		856.593850530303	-0.21470720961949
C6EDW0_ECOBD	15	7		943.661491428572	0.743841616914324
C6EEU1_ECOBD	21	16		750.227972938597	-0.249624066905317
C6EHW5_ECOBD	16	12		777.069573072917	-0.355428906676972
C6EIU1_ECOBD	16	4		1351.38557291667	0.837881626788646
C6EL15_ECOBD	20	10		719.711912833333	0.020037752037752
C6EL14_ECOBD	18	13		896.113478928571	0.539302996417601
C6EAN0_ECOBD	12	7		921.606007592593	0.271435507536348
C6EAM9_ECOBD	13	7		911.791081851852	0.0537353697459845
C6EEH0_ECOBD	9	5		981.594148	-0.0250250484809309
C6EHG0_ECOBD	14	4		928.35597	0.1571872909699
C6ECU0_ECOBD	15	5		992.210455	0.408373684210526
C6EE79_ECOBD	13	3		529.604876666667	-0.905345117845118
C6EA86_ECOBD	10	7		925.885769047619	1.0068031968032
C6EAG4_ECOBD	11	5		893.786401	0.768361638361639
C6EH33_ECOBD	15	9		766.586013181818	0.703011560060105
C6EAI5_ECOBD	21	12		839.679029739583	-0.175017449537823
C6E9Y9_ECOBD	20	12		848.155582948718	-0.228705738705739
C6EAW8_ECOBD	13	8		695.60568537037	0.452483141858142
C6EGL1_ECOBD	22	14		743.576584166667	0.213774370470799
C6EI68_ECOBD	17	10		885.135006944444	0.299253824606766
C6EBX2_ECOBD	24	9		970.642021488095	-0.0837804787804788
C6EGH6_ECOBD	13	6		816.109553055555	0.648178811928812
C6EII5_ECOBD	16	9		814.91998	0.675921756816422
C6EH19_ECOBD	23	13		779.258628541667	0.0692370129870129
C6EL50_ECOBD	26	12		725.904526388889	0.186340040559989
C6EJD4_ECOBD	20	14		794.563303137255	-0.268888661985467
C6EHE4_ECOBD	16	7		779.552843571429	0.853965281794229
C6EJQ7_ECOBD	22	12		853.716188518519	-0.200103045647163
C6EJQ9_ECOBD	22	14		757.635493583333	-0.0812953973762245
C6EGN6_ECOBD	14	9		999.843998888889	0.538314151353367
C6EKP3_ECOBD	18	10		958.052361960784	0.0497374458874457
C6EGP2_ECOBD	21	10		772.424353636364	0.43349591230026
C6EDA7_ECOBD	11	7		1007.01367375	0.858212839791787
C6EB35_ECOBD	12	8		1019.17479145833	0.965255852824082
C6EGT1_ECOBD	17	9		917.64454375	0.359987042544514
C6EC18_ECOBD	14	9		756.670911388889	0.139035353535353
C6E9R4_ECOBD	13	6		1068.07875452381	0.515741064491064
C6E9S0_ECOBD	12	7		953.2243334375	0.600504251593724
C6E9S2_ECOBD	8	4		1153.93887566667	0.961341089466089
C6E9S3_ECOBD	3	2		975.950476666667	0.548666666666667
C6E9S4_ECOBD	10	3		1319.30815125	1.19157635258617
C6E9S5_ECOBD	11	3		1421.37884041667	1.4178416821274
C6E9S6_ECOBD	9	6		1428.10949388889	1.07500179810839
C6EL76_ECOBD	17	11		997.598095641026	0.96262567288285
C6EAU3_ECOBD	20	10		906.134928333333	-0.307849100354983
C6EBL1_ECOBD	13	7		867.936383727273	0.322564455872727
C6EHG3_ECOBD	23	8		663.654497592593	-0.789362070785252
C6EGM3_ECOBD	19	11		833.577506547619	0.616526436348724
C6EFZ1_ECOBD	15	6		823.183098333333	0.300660552897395
C6EG98_ECOBD	14	10		1049.68549988095	-0.516522186147186
C6EK58_ECOBD	28	13		702.490583020833	-0.14594988972817
C6EFI0_ECOBD	23	14		740.923202892157	0.163526790669648
C6EAD5_ECOBD	26	11		752.298482820513	-0.21997766321929
C6EAE1_ECOBD	32	11		684.261095897436	-0.550561899400909
C6EKL8_ECOBD	17	10		679.3463465	0.140825757575758
C6EFV6_ECOBD	21	12		911.005147916667	0.315821262071262
C6EBF0_ECOBD	11	7		904.682970925926	0.659347788643141
C6EKC5_ECOBD	12	6		941.237395185185	0.258224452575139
C6EGW2_ECOBD	18	11		942.779950666667	0.203200511609602
C6ELI4_ECOBD	20	12		746.055433333333	-0.223490738643355
C6EEJ2_ECOBD	11	5		995.617598291667	0.488949850471589
C6EHT6_ECOBD	13	6		821.620986388889	0.27128036437247
C6EDP5_ECOBD	21	11		773.433810909091	0.0708811080546723
C6EDP6_ECOBD	10	4		1000.60613205556	1.23485619772384
C6EJJ3_ECOBD	10	4		1022.07107875	0.195665584415584
C6EGW6_ECOBD	16	6		1049.10650833333	0.750558058058058
C6EGW7_ECOBD	14	5		1191.70335616667	0.661871825600639
C6EL22_ECOBD	21	14		811.222299642857	-0.376312900290733
C6EI31_ECOBD	24	10		856.989025384615	-0.200729936729937
C6EHS9_ECOBD	24	12		821.631953125	-0.273911836830987
C6ED13_ECOBD	12	7		922.779740833333	0.375626948215183
C6EJU7_ECOBD	7	3		1349.03567483333	0.362098641962312
C6ELI2_ECOBD	13	4		899.614975	0.762407200642495
C6ELP9_ECOBD	18	10		935.862951666667	-0.0347762620521242
C6EG77_ECOBD	15	8		849.223637291667	0.687802579365079
C6EG76_ECOBD	10	7		702.71088125	0.712658036408036
C6ELF6_ECOBD	19	14		729.605005462963	-0.204881743515284
C6EA31_ECOBD	19	11		793.092670277778	-0.140022753717895
C6EGZ1_ECOBD	11	5		936.459035416667	0.367162464222434
C6EAL8_ECOBD	15	8		1071.03774591667	0.629095382104454
C6EDJ3_ECOBD	12	4		1177.52460059524	0.896773504273504
C6EC12_ECOBD	6	3		1041.30419819444	0.616666666666667
C6EC11_ECOBD	18	13		778.285277888889	-0.123882280113049
C6ECA8_ECOBD	15	6		735.019026	0.0102314814814815
C6EG81_ECOBD	14	5		1030.12943928571	0.328699597569636
C6EJQ6_ECOBD	11	7		1094.92441453704	0.86570776856087
C6EKS4_ECOBD	16	7		871.906418541667	0.209963909682308
C6EG89_ECOBD	10	5		1028.46517357143	0.693060623753224
C6EHJ1_ECOBD	14	5		960.485225555556	0.456008771929824
C6EJ92_ECOBD	19	12		832.655798039216	0.13484570802005
C6EKX5_ECOBD	24	11		850.509350555556	0.252145828028181
C6EHW7_ECOBD	22	12		842.13840515625	-0.22240260531379
C6EL19_ECOBD	22	11		780.514078277778	0.0481706268885811
C6E9Y2_ECOBD	27	9		932.917083833333	-0.0414960718294052
C6EIL6_ECOBD	20	12		816.844624313725	-0.20125849613941
C6EDG8_ECOBD	15	9		1086.50487779762	1.00187161737886
C6EEZ0_ECOBD	10	3		941.983045833333	0.722927689594356
C6E9V5_ECOBD	16	7		1056.91389133333	-0.152869987155701
C6EIW9_ECOBD	9	4		1037.14498666667	1.27527976190476
C6EF87_ECOBD	15	7		889.33981875	0.719147140838317
C6EF88_ECOBD	12	8		1108.29032590909	0.883857142857143
C6E9W6_ECOBD	20	14		845.448654605263	-0.202087787404608
C6EAR8_ECOBD	17	14		818.17048872549	-0.100902770883361
C6EF64_ECOBD	24	17		659.065376416667	-0.715510841677825
C6EDL9_ECOBD	9	6		859.385599166667	1.12758838383838
C6EDL6_ECOBD	11	3		576.5437175	-0.253787878787879
C6EDL4_ECOBD	14	6		922.762608809524	0.193004850088183
C6EK59_ECOBD	14	10		892.543530972222	0.557259768009768
C6EKJ3_ECOBD	16	6		862.560567592593	-0.0814057239057238
C6ED34_ECOBD	22	12		839.013935601852	0.0591095430107526
C6EK15_ECOBD	12	10		917.911401428571	-0.582481266361722
C6EK17_ECOBD	11	4		892.784430666667	0.193080808080808
C6EAA9_ECOBD	20	8		822.514498181818	-0.322813412999609
C6EGH8_ECOBD	22	13		804.627655392157	0.0186197014816924
C6EDN9_ECOBD	21	12		777.632810833333	-0.12068512980684
C6EA21_ECOBD	19	11		948.003752948718	0.304321742230833
C6EAG8_ECOBD	21	12		878.649813333333	0.336372929639059
C6EFT9_ECOBD	13	7		1056.13215638889	0.765972250911161
C6EFU0_ECOBD	13	7		1024.2734605	0.344162836305693
C6ELL0_ECOBD	12	9		1005.38430766667	0.164504057495062
C6EJ75_ECOBD	11	6		999.538977619048	0.605717120181406
C6EC17_ECOBD	16	11		937.661971041667	-0.0732869012707723
C6ELH6_ECOBD	23	14		682.340767352941	-0.0488783100652849
C6EE38_ECOBD	12	6		891.431890238095	1.03683305485937
C6ELH5_ECOBD	13	9		1026.23671611111	0.233658348825262
C6EH52_ECOBD	6	5		1111.470211	0.272872007219833
C6EGG6_ECOBD	13	7		1051.36780925926	1.15459433773509
C6EBI3_ECOBD	21	12		762.412500897436	0.0722184075309075
C6EC55_ECOBD	13	8		1126.58954240741	0.637264088463216
C6EB88_ECOBD	11	6		1102.90920802083	0.327805884383164
C6EGQ2_ECOBD	20	13		923.516702380952	0.0169124635874519
C6ELB4_ECOBD	8	4		688.995366944444	0.560732142857143
C6EFW5_ECOBD	22	13		723.943994537037	0.123159565600157
C6ECJ1_ECOBD	27	12		807.595982333333	0.117429075554076
C6EHQ5_ECOBD	12	7		1002.84307825	0.956773485313858
C6EF60_ECOBD	11	5		680.547676	-0.459392976588629
C6EF59_ECOBD	15	10		791.125162435897	-0.405539724980901
C6EF58_ECOBD	7	4		1124.03963733333	0.925501336898396
C6EK66_ECOBD	8	5		556.991964	0.280363636363636
C6EET4_ECOBD	11	6		1091.81119722222	0.650996968835844
C6EG39_ECOBD	19	13		761.267116666667	0.20662482871133
C6EE26_ECOBD	19	9		812.853712666667	-0.326497545664212
C6EJJ8_ECOBD	25	8		623.738016041667	-0.862091727716728
C6EJK0_ECOBD	20	11		873.887806190476	-0.0533053221288516
C6EJJ9_ECOBD	13	4		565.80720125	0.348523698523698
C6EFY4_ECOBD	19	9		670.89806530303	-0.588733869616223
C6EHL1_ECOBD	23	12		745.045164960317	-0.596665981077746
C6EDP7_ECOBD	13	8		917.206740972222	1.13147568503208
C6EF49_ECOBD	15	5		1267.07779033333	0.965371955233706
C6EFX5_ECOBD	22	13		791.194347107843	-0.306562001347069
C6EFX4_ECOBD	22	13		774.964229583333	-0.23573808190629
C6EBI9_ECOBD	17	13		780.228763645833	0.20115748602101
C6EDY0_ECOBD	14	5		764.143685277778	-0.182294372294372
C6EF61_ECOBD	30	11		674.029354047619	0.226511619693438
C6EK33_ECOBD	14	9		951.479946794872	0.154472492375158
C6EB57_ECOBD	22	14		777.7395325	-0.0232447444534187
C6EFC2_ECOBD	10	6		1091.69815333333	0.63689241980317
C6EFC3_ECOBD	11	8		975.4508955	0.856225950831214
C6EDA1_ECOBD	13	7		1276.43658925	0.956272147317746
C6EHT8_ECOBD	11	9		998.67022022549	0.7340982770937
C6EIK2_ECOBD	14	13		849.577704358333	0.00238432732815625
C6EG28_ECOBD	10	4		1188.06228633333	0.9779375
C6EHK3_ECOBD	14	10		892.445974166667	-0.132571058726521
C6EB58_ECOBD	19	11		902.793411805556	-0.351614658489659
C6EG27_ECOBD	22	11		905.32049474359	-0.326557206904801
C6EJ73_ECOBD	18	10		829.493287777778	0.10424287992709
C6EB43_ECOBD	7	3		1239.148045	0.726774691358025
C6EAZ0_ECOBD	15	4		805.459707142857	0.447564432471553
C6EAS9_ECOBD	11	5		1134.25481380952	1.10847788580119
C6EA82_ECOBD	22	13		789.966855092593	-0.15086145252207
C6EA36_ECOBD	11	9		932.010863939394	0.114257350750994
C6ELQ5_ECOBD	19	12		781.541350439394	-0.166139113008308
C6ELH7_ECOBD	9	4		947.49883375	0.641439393939394
C6EL42_ECOBD	16	6		1069.62184729167	1.26130418192918
C6EKY6_ECOBD	13	6		904.921863981481	1.01678113553114
C6EKX6_ECOBD	10	3		972.074621333334	-0.466666666666667
C6EKX3_ECOBD	17	8		875.683774083333	0.744955341558602
C6EKW8_ECOBD	25	12		828.958875897436	-0.0825209052695613
C6EKC4_ECOBD	15	7		970.773166166667	0.46044004939886
C6EJK2_ECOBD	7	3		1004.47614877778	0.975858585858586
C6EIY7_ECOBD	21	12		815.227399107143	-0.273335049210049
C6EIZ6_ECOBD	12	6		1072.74747	0.630154292835452
C6EIZ0_ECOBD	19	13		772.009281888889	-0.125243238410659
C6EIY9_ECOBD	19	9		910.013281333333	0.314577294991088
C6EIY6_ECOBD	20	11		856.234903258333	-0.218242704265432
C6EIX4_ECOBD	16	8		858.40342315	0.0459350160040566
C6EIW7_ECOBD	18	5		814.437147222222	-0.187633882246785
C6EIA5_ECOBD	24	12		772.479544473684	-0.345128683068177
C6EIA7_ECOBD	11	4		900.6317075	0.28313492063492
C6EIQ8_ECOBD	15	9		910.618993666667	0.281499278231759
C6EIB2_ECOBD	20	11		827.666396648148	0.123266679266679
C6EI85_ECOBD	17	8		889.126538055556	-0.148841459709881
C6EI57_ECOBD	12	8		1061.18066282051	-0.0447966587810338
C6EI62_ECOBD	18	11		925.864746923077	0.244948514982471
C6EI11_ECOBD	8	4		986.090600625	0.432015625
C6EI20_ECOBD	9	5		873.097687777778	0.523092145949289
C6EI21_ECOBD	14	7		1104.887005	0.333026921079044
C6EHB7_ECOBD	28	11		574.9174525	-0.128049349640259
C6EHE6_ECOBD	23	13		789.836521190476	-0.0242341183720495
C6EGR0_ECOBD	13	5		976.538634479167	0.824102361374657
C6EFY1_ECOBD	11	6		519.0217125	0.376153846153846
C6EFV5_ECOBD	8	2		1067.62526888889	0.953846153846154
C6EFR0_ECOBD	17	7		770.430442	-0.824161537084469
C6EFQ3_ECOBD	24	8		948.491957347222	0.27966665363769
C6EEW3_ECOBD	17	9		786.08339530303	-0.0964503180189455
C6ECU3_ECOBD	12	4		1331.163440625	0.763714618714618
C6EDK1_ECOBD	22	12		896.196487833333	-0.103237113700476
C6ECR8_ECOBD	15	6		843.943448833333	0.493729917743076
C6ECN0_ECOBD	16	8		908.072130320513	0.537993919457735
C6ECM9_ECOBD	15	7		988.377692291666	0.711570287315629
C6EC44_ECOBD	20	10		763.84037125	-0.337242179863148
C6EBX1_ECOBD	19	11		850.895809940476	-0.228858501898783
C6EBY3_ECOBD	22	11		833.940732179487	-0.0536572265659875
C6EC05_ECOBD	9	3		664.98849	-0.879398148148148
C6EC01_ECOBD	13	6		988.6218425	0.770950701345438
C6EBZ5_ECOBD	21	10		927.266317916666	-0.108879752313963
C6EBV8_ECOBD	10	6		949.226231875	0.645753968253968
C6EBB0_ECOBD	22	13		762.230051666667	-0.344869287951867
C6EBA0_ECOBD	21	13		801.133539444444	0.0371042812759454
C6EB75_ECOBD	22	9		827.8109245	0.206645299145299
C6EB70_ECOBD	14	6		1088.33111009259	0.909028574082922
C6EAP0_ECOBD	11	4		1267.84713657143	0.815654761904762
C6EAP4_ECOBD	15	6		666.768380833333	0.205645743145743
C6EAI6_ECOBD	15	9		1110.60698319444	0.990840438074402
C6EAF5_ECOBD	12	7		1078.05305260417	0.869355229271196
C6EA23_ECOBD	17	10		965.224501212121	0.976752747252747
C6EA18_ECOBD	17	9		971.173713636364	-0.15604616800269
C6EA09_ECOBD	18	9		1053.27241155556	0.520265722273924
C6ELF8_ECOBD	14	5		785.708746666667	-0.15032380952381
C6ELC6_ECOBD	13	6		952.688600833333	1.04624194032089
C6ELD1_ECOBD	12	9		1049.34374805556	0.68046818829703
C6ELA5_ECOBD	17	9		1144.712855	0.33366764827605
C6EL75_ECOBD	15	7		916.090843541667	1.14790349337545
C6EL69_ECOBD	12	5		1068.83051509259	0.719090909090909
C6EKS1_ECOBD	10	5		719.686898333333	0.26952380952381
C6EKK6_ECOBD	7	4		665.205051111111	0.0837660256410256
C6EKJ6_ECOBD	21	10		766.749765833333	-0.22404200864495
C6EK28_ECOBD	20	8		863.887340454545	0.191233766233766
C6EK27_ECOBD	24	12		817.884290777778	0.128227493197655
C6EKF1_ECOBD	22	8		832.939217962963	-0.120136043756968
C6EJY0_ECOBD	24	11		921.508986805556	0.348194728179054
C6EJW5_ECOBD	23	12		795.291713114584	-0.0313560146280735
C6EJV3_ECOBD	11	4		908.810407333333	-0.300960497835498
C6EJV7_ECOBD	13	8		683.894450757576	-0.352152698200492
C6EJU4_ECOBD	13	4		931.341705	0.281872009569378
C6EJ54_ECOBD	22	10		871.419288484849	0.237204295051354
C6EIL2_ECOBD	12	6		799.758557857143	-0.189007034632035
C6EIF9_ECOBD	9	7		1036.92142759259	1.1009187824634
C6EHY5_ECOBD	12	6		954.302037380952	0.686031746031746
C6EIE2_ECOBD	20	10		732.473147261905	-0.0616040733432374
C6EHU0_ECOBD	21	13		754.629163888889	-0.392659174296891
C6EHN9_ECOBD	12	3		1039.04827666667	0.565428571428572
C6EHB3_ECOBD	13	6		806.043265476191	0.215149113132984
C6EH43_ECOBD	14	6		1263.54193305556	1.12973336385836
C6EGZ9_ECOBD	13	9		704.858298	-0.559684714341577
C6EGK3_ECOBD	7	2		1476.5306	1.39538123167155
C6EGA5_ECOBD	16	10		838.693949666667	0.371956754259386
C6EFJ8_ECOBD	10	5		850.346888333333	0.460042819499341
C6EEJ9_ECOBD	16	7		946.1243715	-0.166558435817057
C6EFA7_ECOBD	13	6		737.820654259259	-0.701378278584161
C6EEJ8_ECOBD	22	11		852.084611111111	0.279066374801669
C6EEJ7_ECOBD	30	11		645.027346944445	-0.0270464384100748
C6EEG2_ECOBD	21	14		730.328515886364	0.0190636481865473
C6EEG1_ECOBD	19	10		890.89925448718	-0.291199792960663
C6EEF9_ECOBD	24	13		781.61369854386	-0.139344007357008
C6EEF4_ECOBD	17	14		772.3866135	0.10886803672518
C6EEE5_ECOBD	9	5		1311.19027964286	0.538637870538415
C6EDH8_ECOBD	17	8		740.410099242424	0.337695824706694
C6EDD4_ECOBD	21	12		848.058504039216	-0.0716600684943077
C6EDB1_ECOBD	9	6		1116.00346619048	1.07566096866097
C6EDA6_ECOBD	12	7		875.291746409091	0.0791342163400987
C6EG91_ECOBD	21	14		763.16906525	-0.294613216640752
C6EG16_ECOBD	10	7		983.2250445	0.637253133847818
C6EFZ2_ECOBD	16	10		655.97673875	0.00183437761069337
C6EF40_ECOBD	22	10		805.672226458334	0.683923493173493
C6EF27_ECOBD	15	8		900.691406041666	0.297433035714286
C6EF15_ECOBD	18	8		1016.82191537037	0.638204528807343
C6EF13_ECOBD	20	11		796.839688561403	-0.328671245569641
C6EEX7_ECOBD	13	5		1297.48033	0.99775
C6EE45_ECOBD	8	3		1450.78437722222	1.31997150997151
C6EE04_ECOBD	11	2		1012.46454604167	1.67840909090909
C6ED60_ECOBD	11	5		1210.70071178571	1.03484728175051
C6ED59_ECOBD	12	5		976.813313	0.827333584290106
C6ED57_ECOBD	7	5		651.231739	-0.430692640692641
C6ED03_ECOBD	14	5		1038.76171935185	0.946943722943723
C6ECW6_ECOBD	23	12		862.174954230769	-0.850501639753398
C6ECH3_ECOBD	5	3		1021.381045	0.99259943977591
C6EC82_ECOBD	15	8		942.727619988095	0.266906151000979
C6EC88_ECOBD	21	13		817.054121111111	0.220170786463537
C6EBP6_ECOBD	19	12		758.819549558824	0.268476397490439
C6EBP2_ECOBD	22	12		808.280301444445	0.449188451634572
C6EBM6_ECOBD	14	8		1056.10178866667	0.840976543710919
C6EL07_ECOBD	16	7		1041.59406408333	-0.072811590603695
C6EL06_ECOBD	15	6		672.586655833333	0.112353757353757
C6EIU9_ECOBD	20	11		916.064875833333	0.278472671222072
C6EFQ1_ECOBD	17	8		1219.5504619697	0.808320841297921
C6EEV4_ECOBD	14	4		813.366069	1.16587009803922
C6EDW3_ECOBD	17	12		876.575530777778	0.0540240662115662
C6EDQ8_ECOBD	12	4		1105.71277633333	0.773608294930876
C6ECN2_ECOBD	13	4		895.744625833333	0.535833333333333
C6ECK4_ECOBD	17	11		739.320971130952	0.225651436798496
C6EC15_ECOBD	13	8		980.983848166667	0.620844516036079
C6EC03_ECOBD	7	4		764.205265	0.47145979020979
C6EAH5_ECOBD	16	7		893.4515865	0.882261904761905
C6EAH1_ECOBD	8	4		1074.80114366667	0.806613230519481
C6E9Y8_ECOBD	19	10		991.377590833333	0.703632471546288
C6EL88_ECOBD	18	9		1063.71321121212	1.08751971412366
C6EKN6_ECOBD	20	8		919.151889939394	-0.788577265581313
C6EKF7_ECOBD	20	10		1006.69880227273	-0.180576904799781
C6EJY1_ECOBD	11	4		1119.68492366667	0.934607843137255
C6EIP8_ECOBD	13	7		767.061064166667	0.313035612741337
C6EHZ0_ECOBD	13	4		881.9561425	1.16838768115942
C6EHP5_ECOBD	14	4		744.0067975	-0.359239130434783
C6EHP4_ECOBD	13	7		618.321622708333	-0.183571428571429
C6EHP3_ECOBD	13	6		613.227718333333	-0.101339285714286
C6ECD8_ECOBD	15	9		872.069991458333	-0.399728023763112
C6ECC7_ECOBD	15	10		1045.51071015152	0.340045668890496
C6ECC4_ECOBD	17	14		839.648424166667	0.0473092437314484
C6EL66_ECOBD	13	4		1068.92001434849	-0.228599470823799
C6EFP1_ECOBD	19	8		961.171266518707	-0.429273525698158
C6EE15_ECOBD	21	9		934.274734944444	-0.00122673712045692
C6EC73_ECOBD	12	7		1057.53673156667	0.528285973285973
C6EJ66_ECOBD	15	6		827.114801428572	0.505606689062571
C6EB50_ECOBD	15	7		1162.40090185185	1.12801808313645
C6EHJ0_ECOBD	14	9		995.710008397436	1.00885598870825
C6ECH5_ECOBD	24	12		749.385891041667	-0.561424753079165
C6EFS6_ECOBD	12	6		533.5988925	-0.19875
C6EFN0_ECOBD	17	8		666.875012407407	-0.0516436423054071
C6EBI4_ECOBD	21	11		863.411057738095	-0.052073070576035
C6EIE1_ECOBD	21	14		800.051736785714	-0.0377507288851827
C6EHB4_ECOBD	15	11		890.024380115385	0.246159246123361
C6ECH4_ECOBD	25	10		791.202079722222	0.0823123973727423
