Entry Name	Total #Tryptic Peptides	# Detectable Tryptic Peptides	Detectable(%)	mean gravy	mean m/z
C6EHH5_ECOBD	18	12		818.689159444444	-0.0683389921911594
C6EKC9_ECOBD	19	9		760.630766666667	-0.566938673617595
C6EHD4_ECOBD	15	9		860.311355833333	-0.235115805581492
C6EHM1_ECOBD	18	11		841.426377395833	-0.221382994500782
C6ED44_ECOBD	14	9		852.083570705128	-0.0551367589525484
C6EAH3_ECOBD	16	9		1012.12707316667	-0.207364910698244
C6ECP9_ECOBD	15	9		768.663771071429	-0.168514571847905
C6ED49_ECOBD	16	5		933.134857976191	-0.0527272727272727
C6EFV1_ECOBD	4	2		1334.915125	0.851363636363637
C6EHI4_ECOBD	22	13		889.911778676471	-0.482795104131137
C6EAP5_ECOBD	20	11		927.294417820513	-0.3154657177839
C6EA91_ECOBD	18	12		891.587758555556	-0.119624467527693
C6EA74_ECOBD	21	14		777.26868	-0.410906059043931
C6EKW6_ECOBD	12	4		817.307428055556	0.235726637492942
C6EJQ2_ECOBD	11	7		694.31405875	-0.412493867243867
C6EJP5_ECOBD	16	8		753.539001666667	-0.709746156621157
C6EHG2_ECOBD	5	3		1124.47910266667	0.501904761904762
C6EFS2_ECOBD	23	8		788.120276	-0.14989360516934
C6EEW6_ECOBD	5	3		1139.63686958333	0.439267676767677
C6EEM6_ECOBD	21	12		858.236565	-0.0681282110132729
C6EBF5_ECOBD	7	4		906.403893229167	0.3934375
C6EBD3_ECOBD	13	8		724.521993333333	-0.284092261904762
C6EAI9_ECOBD	17	8		739.68799875	0.213627729500891
C6EKK4_ECOBD	13	7		857.810459285714	0.120304473304473
C6EJY7_ECOBD	13	7		918.319326481482	-0.196531385281385
C6EGJ3_ECOBD	4	3		1133.98549916667	0.399010217113666
C6EFK7_ECOBD	6	2		818.960914583333	0.496726190476191
C6ED74_ECOBD	21	9		783.605627569445	-0.309833135274312
C6EDZ7_ECOBD	18	9		806.271364545455	-0.434586740420074
C6EL92_ECOBD	9	5		886.360449	0.0426188540755604
C6EHX9_ECOBD	10	4		793.9080725	0.0802710333145116
C6EEB8_ECOBD	10	5		818.213631309524	-0.403211875843455
C6EDI8_ECOBD	18	12		881.535060892857	-0.412083124342546
C6EEZ8_ECOBD	17	11		910.627050416667	-0.258135558180415
C6EFM3_ECOBD	19	6		808.742630952381	0.183511904761905
C6EJF9_ECOBD	21	8		631.762654259259	-0.360877976190476
C6EG83_ECOBD	20	11		789.829032222222	-0.572194232970095
C6EBR6_ECOBD	16	12		900.980366282051	-0.0583582150772241
C6EFI5_ECOBD	20	10		981.489738777778	-0.126522874127976
C6EAE5_ECOBD	15	11		745.985442361111	-0.526847086522009
C6EDY6_ECOBD	18	9		1084.10367402778	-0.29046083795709
C6EFR3_ECOBD	17	14		839.030491574074	-0.697672818573105
C6EF26_ECOBD	21	13		823.617304035088	-0.558844044844045
C6EEW8_ECOBD	18	8		849.105726818182	-0.733146966258379
C6EFY0_ECOBD	12	9		1018.84244202381	-0.058788093104285
C6EHI3_ECOBD	23	14		749.583371222222	-0.250355596784168
C6EA44_ECOBD	24	12		807.661262692308	-0.860042313011063
C6EKT4_ECOBD	16	10		879.199065166667	-0.738694805194805
C6EDN2_ECOBD	24	12		713.695387179487	-0.311963342810117
C6EA33_ECOBD	16	8		1065.82620354167	-0.0888928997359231
C6EJQ3_ECOBD	20	7		848.459955208333	-0.492042089146872
C6EJM0_ECOBD	17	11		928.260640238095	-0.204868994641722
C6EI42_ECOBD	19	11		847.750255151515	-0.28224527426899
C6EGR5_ECOBD	14	5		1038.77464638889	-0.162027777777778
C6EB89_ECOBD	16	7		796.83861735	-0.301686315551862
C6E9W8_ECOBD	8	4		907.54644875	-0.266488095238095
C6EED3_ECOBD	10	3		1110.25917333333	-0.833058656742867
C6EHU9_ECOBD	15	12		851.130665602564	-0.440640526811056
C6EHU8_ECOBD	25	10		741.433932121212	-0.116375375375375
C6EH81_ECOBD	22	10		971.995443787879	-0.489671474358974
C6EDI7_ECOBD	18	7		1005.7847925	0.136368533427357
C6ELT1_ECOBD	25	11		837.906645654762	-0.266565317642393
C6ELL4_ECOBD	8	4		1354.75072527778	-0.458003374766105
C6EB78_ECOBD	9	5		694.695834166667	0.186857031857032
C6EDC0_ECOBD	11	5		1086.61209583333	-0.07852323725189
C6ED35_ECOBD	21	13		742.297242307692	0.0690274660112716
C6ELL2_ECOBD	20	10		861.811588645833	-0.275931481845804
C6EEA8_ECOBD	16	11		959.236779761905	-0.385976792202089
C6EBF9_ECOBD	26	14		677.210712291667	-0.140821866625438
C6EG14_ECOBD	12	8		942.789252277778	-0.489405661740221
C6EIF4_ECOBD	19	11		818.567158555556	-0.093595377232157
C6EDQ1_ECOBD	12	2		944.429583888889	-0.110303030303031
C6EEA9_ECOBD	30	11		723.024274305556	-0.284601757100013
C6EGY0_ECOBD	7	3		1050.00283708333	0.201010101010101
C6EGC7_ECOBD	17	9		864.145133666667	-0.624249438832772
C6EHG9_ECOBD	8	5		721.623700277778	-0.315701863354037
C6EHH3_ECOBD	9	5		1034.07172097917	0.00205740267121348
C6EHH4_ECOBD	8	5		1062.86117805556	-0.282232885954625
C6EKC8_ECOBD	9	4		934.807072666667	-0.058704051796157
C6EEN0_ECOBD	22	11		842.745150611111	-0.349294623726442
C6EAE4_ECOBD	23	9		806.912578181818	-0.0880133836274188
C6ELA0_ECOBD	24	12		534.814213333333	-0.431912578162578
C6EIG6_ECOBD	27	12		720.767814607843	-0.729711440694313
C6EBR7_ECOBD	23	13		795.522550769231	0.00825190454287438
C6EBR8_ECOBD	13	8		784.92057469697	0.20975135975136
C6EHE1_ECOBD	18	8		958.264866875	0.0490378964653012
C6EHE0_ECOBD	13	6		990.987304047619	-0.456127024346464
C6EHD9_ECOBD	11	7		872.649505714286	-0.0152330519721824
C6EHD6_ECOBD	14	9		860.265404	-0.255806323604711
C6EHD5_ECOBD	10	6		918.435106041667	-0.195868770437736
C6EHD3_ECOBD	15	8		794.790551875	0.347091011466011
C6EBU9_ECOBD	12	7		886.023263125	0.0564949633699633
C6EHM2_ECOBD	16	8		880.961668125	-0.220511904761905
C6EHM3_ECOBD	20	10		940.029665151515	-0.569215185502118
C6EFC7_ECOBD	20	11		902.260037333333	-0.164250534270297
C6EGE1_ECOBD	18	9		902.689263333333	0.175277726902727
C6EGD7_ECOBD	11	4		817.49087	0.28025493025493
C6EGD6_ECOBD	11	6		940.293043333333	-0.652160845504144
C6EGD5_ECOBD	14	9		929.294762348485	-0.385970819304153
C6EGD4_ECOBD	17	12		917.752990833333	-0.363574520352835
C6EEH5_ECOBD	10	3		1316.50345875	0.380868897348561
C6EEH6_ECOBD	10	5		860.196288611111	-0.035024060906414
C6EB98_ECOBD	12	5		978.894530648148	-0.431994596420128
C6EA68_ECOBD	12	9		841.410527435898	0.125004409171076
C6EFB6_ECOBD	21	11		724.233303974359	-0.0713035493170774
C6EEK7_ECOBD	19	7		872.075260185185	-0.0918900564765227
C6EDY5_ECOBD	14	5		602.520978	-0.240974358974359
C6EDV5_ECOBD	2	2		1158.53136316667	-0.10948275862069
C6ELT7_ECOBD	11	6		1118.25658095238	0.311151088788006
C6ELT8_ECOBD	24	9		779.3786765	0.165422695422695
C6EIX6_ECOBD	6	2		1407.10825833333	0.1
C6EBS4_ECOBD	22	11		942.804213958333	-0.686772005772006
C6EBS5_ECOBD	18	11		860.969312833333	-0.211056215696978
C6E9Z7_ECOBD	12	4		881.55301875	-0.466454545454545
C6E9Z5_ECOBD	25	15		668.612160588235	-0.0993781423255107
C6EF98_ECOBD	20	14		697.170642696079	-0.372070088719248
C6ED55_ECOBD	25	12		801.35385712963	-0.521401073911155
C6ED54_ECOBD	17	11		730.396944	-0.70863231812811
C6ED53_ECOBD	25	10		775.58976051282	0.0629213184476342
C6EHS3_ECOBD	20	12		707.51451125	0.0731666133255317
C6EAH7_ECOBD	23	13		711.406931764706	-0.104377118607888
C6ED19_ECOBD	17	10		1003.87969217949	-0.207295577461754
C6ED31_ECOBD	16	11		861.65050118254	6.39457161196228e-005
C6EIC7_ECOBD	20	11		924.265177564102	-0.0378621619925969
C6EHM7_ECOBD	20	12		858.30343547619	0.149812751986385
C6EJ43_ECOBD	13	8		765.670319444444	-0.434049707602339
C6ELK3_ECOBD	13	5		803.511002222222	-0.532954545454545
C6EL81_ECOBD	8	4		1076.44890527778	-0.0767121212121212
C6EHJ7_ECOBD	7	5		989.4548959375	0.299505175983437
C6EAV8_ECOBD	16	9		860.643757321429	-0.216871537960248
C6EKT6_ECOBD	7	1		962.939775	-0.0850000000000001
C6EKT5_ECOBD	23	14		777.67872	0.0246826123611837
C6EKT2_ECOBD	10	4		1200.30825958333	0.236047849091327
C6EKT3_ECOBD	11	8		1223.96466033333	0.052391477570049
C6EEY1_ECOBD	22	12		807.22366609375	-0.296929841672489
C6ELL9_ECOBD	17	11		915.20609077381	0.166048384980936
C6EHL3_ECOBD	19	14		811.98730912037	0.0642124938553509
C6EBV5_ECOBD	19	11		765.674216217949	-0.293015292274051
C6EAR4_ECOBD	21	11		807.7435434375	0.0842596418732782
C6EEB2_ECOBD	24	9		910.395240166667	0.030929083388589
C6EB41_ECOBD	13	7		814.299183833333	-0.116841700782877
C6EAU0_ECOBD	13	4		1078.33246097222	-0.00532760472610092
C6EAS2_ECOBD	13	7		983.868999583333	-0.314470091312197
C6EAS1_ECOBD	13	8		1091.02875233333	0.315182055263577
C6EAS0_ECOBD	14	3		619.944756666667	-0.311910774410774
C6EAE6_ECOBD	16	9		876.705891333333	-0.452023922579478
C6EAE3_ECOBD	14	8		782.0001385	-0.234437444739169
C6EA64_ECOBD	23	12		775.326508333333	-0.317422633947196
C6EA60_ECOBD	23	11		734.00536465	-0.644621023658457
C6EA39_ECOBD	21	13		826.129802105263	-0.348606564375795
C6EA38_ECOBD	20	14		737.542835	-0.0499319529676673
C6EA37_ECOBD	16	11		886.09640004902	-0.291983438389293
C6EA34_ECOBD	24	10		705.410287395833	-0.59099555999556
C6EA32_ECOBD	15	8		974.993239416667	-0.0629880000245713
C6ELQ6_ECOBD	23	14		756.660026416667	-0.346817924139353
C6ELQ1_ECOBD	10	5		723.059843	-0.28331746031746
C6ELM2_ECOBD	20	13		750.733527222222	-0.426592510054049
C6EL21_ECOBD	13	7		716.735221018518	-0.521213806035235
C6EJN3_ECOBD	22	11		717.262978181818	-0.408586425651643
C6EJL9_ECOBD	11	6		914.233655121212	-0.142248425594014
C6EJM2_ECOBD	18	11		859.499490888889	-0.277352018383428
C6EJJ1_ECOBD	10	2		974.42339	-0.986309523809524
C6EIY0_ECOBD	6	4		989.49909	0.414112487100103
C6EIU0_ECOBD	4	3		981.042590071429	0.295555555555556
C6EI38_ECOBD	19	13		855.083029375	-0.0914114132581874
C6EI44_ECOBD	9	7		832.843823571429	0.221333310652196
C6EI43_ECOBD	23	15		717.166413666667	-0.00820875420875424
C6EI41_ECOBD	16	10		834.114042333333	-0.148117887624467
C6EI40_ECOBD	9	1		1368.88205125	0.704651162790698
C6EI39_ECOBD	10	8		815.1497575	-0.180184294871795
C6EI17_ECOBD	22	10		757.756854090909	-0.0640056479468245
C6EGT9_ECOBD	10	2		942.4392425	-0.758994708994709
C6EGP4_ECOBD	16	12		939.369086145833	-0.445706953864849
C6EEV6_ECOBD	17	8		976.0574775	0.124200192923019
C6EEW1_ECOBD	12	6		677.422063571429	-0.105823361823362
C6EEU3_ECOBD	6	3		711.681783333333	0.458014354066986
C6EES3_ECOBD	21	12		886.784176845238	-0.260929903429904
C6EEP5_ECOBD	13	3		897.368729	-0.566086956521739
C6EDV0_ECOBD	14	6		776.142000952381	-0.0773944805194805
C6EEL5_ECOBD	14	8		913.837886875	0.28713141025641
C6EEL4_ECOBD	13	8		782.833090416667	-0.226484211040897
C6ECU8_ECOBD	36	9		646.459561363636	-0.226827741501655
C6ECT4_ECOBD	22	14		740.683036125	-0.374485646522668
C6ECI6_ECOBD	20	13		746.532282	-0.0693078631535252
C6EBV0_ECOBD	16	9		711.190171166667	-0.695899470899471
C6E9X1_ECOBD	18	11		914.732953137255	0.0857398656954945
C6E9X5_ECOBD	15	7		1090.61368166667	-0.277753034003034
C6E9X4_ECOBD	16	13		856.782499901961	-0.121726209993473
C6E9X3_ECOBD	20	9		768.860083333333	-0.614661727161727
C6E9X2_ECOBD	18	10		864.880595961538	-0.362502289957536
C6ELC1_ECOBD	12	6		754.8076503125	-0.289686472568825
C6ELC0_ECOBD	13	9		693.578257333333	-0.404836994281439
C6ELB9_ECOBD	10	4		1345.85127166667	-0.103185096153846
C6ELB8_ECOBD	9	5		1099.84471833333	0.0361378205128205
C6ELB7_ECOBD	25	15		684.609535729167	-0.195768722018722
C6ELB6_ECOBD	19	12		871.707964791667	-0.716990606838043
C6ELB5_ECOBD	16	5		737.816055833333	-0.47287037037037
C6EL93_ECOBD	21	8		744.863795625	-0.3647321863687
C6EL58_ECOBD	14	7		669.340322878788	-0.100900602665309
C6EKK3_ECOBD	24	7		746.853541428571	-0.994229691876751
C6EJY9_ECOBD	13	7		813.868510833333	0.621572871572871
C6EJ45_ECOBD	12	7		918.870632708333	0.126730914588057
C6EIF5_ECOBD	27	9		715.681538333333	-0.357599434409779
C6EIE0_ECOBD	29	13		705.686361458333	-0.184896782188995
C6EHV0_ECOBD	14	7		1087.88948166667	-0.0449010115212338
C6EHX3_ECOBD	16	9		938.498272678572	-0.14834823098712
C6EHW9_ECOBD	12	6		560.342246666667	-0.499037166537167
C6EHR6_ECOBD	23	11		811.2929046875	-0.721225949332901
C6EGM2_ECOBD	7	2		607.061072777778	-0.655944055944056
C6EEA0_ECOBD	24	10		858.143830555556	-0.0737723246287763
C6EDJ7_ECOBD	19	6		926.766174166667	-0.353294718339223
C6EDA8_ECOBD	9	6		851.090923809524	-0.380300925925926
C6EG84_ECOBD	16	11		901.832683578431	-0.133666511706106
C6EE71_ECOBD	22	10		795.920367435897	-0.211195146958305
C6EE64_ECOBD	21	12		754.801664888889	-0.356012682850918
C6EDZ6_ECOBD	19	14		822.934765208333	-0.156854213418831
C6ED47_ECOBD	18	9		899.68596224359	-0.293322955911191
C6ED40_ECOBD	24	13		728.316353372549	-0.132505054549589
C6ECG1_ECOBD	6	2		747.3272325	-1.42214285714286
C6ECF0_ECOBD	5	4		1007.88764895833	-0.259970238095238
C6EBL0_ECOBD	13	5		765.08917202381	-0.308123470732166
C6ELS8_ECOBD	7	4		834.451823333333	-0.065516005733397
C6EA35_ECOBD	12	7		654.625605625	-0.0978548085901027
C6EIU6_ECOBD	21	9		931.30409301282	-0.1437822671156
C6EHG8_ECOBD	7	3		975.410380625	0.282291666666667
C6EGU4_ECOBD	11	4		1045.3816875	0.225260309865573
C6EES7_ECOBD	8	5		511.840794	-1.1211075036075
C6EDR2_ECOBD	6	3		1024.833533125	-0.0512820512820512
C6ECK0_ECOBD	17	11		835.178165294118	-0.368302981197718
C6ECJ7_ECOBD	6	3		923.299243333333	0.0622222222222221
C6EBY8_ECOBD	10	3		998.229984928572	-0.0335389610389611
C6EB93_ECOBD	20	10		839.323822564815	-0.573619255260244
C6EBG4_ECOBD	12	6		625.579684074074	-1.49440559440559
C6EL78_ECOBD	17	3		734.122506333333	-1.21611721611722
C6EKP6_ECOBD	22	14		751.868307888889	-0.108410788557847
C6EKF9_ECOBD	21	12		784.769241666667	0.17598509183455
C6EHY0_ECOBD	19	8		886.207566666667	-0.491737537824494
C6EHU7_ECOBD	16	7		840.724881190476	0.175517011592526
C6EHP6_ECOBD	17	5		611.800846	-0.602141131815045
C6EH83_ECOBD	12	7		852.51316962963	-0.0465980580266295
C6EH82_ECOBD	23	14		743.697399333333	-0.173283008762332
C6EH80_ECOBD	14	9		928.550409444444	-0.213250360750361
C6EFI1_ECOBD	24	14		655.984731491228	-0.132697381983096
C6EE16_ECOBD	11	6		885.155712222222	-0.392461978810663
C6EJ67_ECOBD	19	9		789.095290972222	-0.0536635119266698
C6EIT4_ECOBD	7	3		726.025441666667	0.285757575757576
C6EAN2_ECOBD	1	1		1535.43350333333	0.759523809523809
C6EAN3_ECOBD	2	1		1437.76430583333	0.591111111111111
C6EAN4_ECOBD	3	2		1172.20222888889	0.566163793103448
C6EB33_ECOBD	15	7		859.3789195	-0.235353561782133
C6EE72_ECOBD	15	10		876.531366897436	-0.0869565548707059
C6EF69_ECOBD	7	2		602.184822916667	-0.384090909090909
C6EFM0_ECOBD	16	10		789.574471527778	-0.0885038208168644
C6EG07_ECOBD	8	6		607.009689166667	-0.325787764866712
C6EDS9_ECOBD	10	1		1112.67564	2.53333333333333
C6EFS4_ECOBD	11	4		852.564556904762	0.164306826849733
C6EIP4_ECOBD	16	7		791.6118	-0.407727193441479
C6EGJ1_ECOBD	22	12		859.537309642857	0.00450532106782102
C6EFZ9_ECOBD	16	7		1030.87427333333	0.0888549985211475
C6EFM4_ECOBD	21	10		636.723306212121	-0.230793650793651
C6EIR4_ECOBD	17	9		744.629558333333	0.0804023724185015
C6EIS2_ECOBD	15	7		710.716378703704	-0.0987187520082257
C6EKD6_ECOBD	19	5		742.364161071429	-0.0230039682539683
C6EHH0_ECOBD	7	4		1095.92737933333	-0.790264976958525
C6EHH1_ECOBD	13	4		680.5924475	-0.455
C6EBR9_ECOBD	9	6		1285.79354285714	0.314517543859649
C6EBR5_ECOBD	8	6		1139.6753915625	0.341608162369032
C6EBR4_ECOBD	8	5		1166.58477619048	-0.0388584045584045
C6EBR3_ECOBD	11	6		944.608939047619	0.525226449275362
C6EHD7_ECOBD	13	8		1073.38658314815	-0.224413891663892
C6EHD1_ECOBD	14	8		764.88247375	-0.478732897286396
C6EHD0_ECOBD	17	15		795.880389666667	-0.506343839588622
C6EBD8_ECOBD	19	9		909.729623333333	-0.318452056799883
C6EBD7_ECOBD	13	10		810.186217272727	0.00661200591347648
C6EEL3_ECOBD	13	7		1069.4637137037	0.0619498384638136
C6EHD8_ECOBD	8	3		1019.15575666667	-0.526587301587301
C6EK32_ECOBD	19	11		974.596738988095	-0.14288295038295
C6EE92_ECOBD	13	10		1058.98194880952	-0.343463367716741
C6EKC7_ECOBD	22	11		841.831859090909	-0.051739667885913
C6EB73_ECOBD	19	11		794.508190427083	-0.196638113204319
C6EEP3_ECOBD	28	11		684.508980055556	-0.236339082900088
C6EJB4_ECOBD	22	11		785.682813166667	-0.220365162318371
C6EB97_ECOBD	21	13		771.863817125	-0.288886063329383
C6ED36_ECOBD	25	13		692.462841222222	0.324739107046799
C6EIJ1_ECOBD	19	12		794.831950637255	0.285366577866578
C6EEN3_ECOBD	21	12		859.856151428571	0.275012198592887
C6EEN4_ECOBD	17	10		772.001672202381	0.059505124991967
C6EKJ8_ECOBD	19	8		857.6711525	0.231344696969697
C6EK99_ECOBD	22	13		711.381494166667	-0.495823699302206
C6EBK3_ECOBD	17	14		810.107422394737	-0.287056659027247
C6EB10_ECOBD	20	11		754.408988653846	0.192392153301244
C6EBC6_ECOBD	20	12		812.577556488095	-0.0104642978349875
C6EBC3_ECOBD	18	10		625.2024495	-0.835190032190032
C6EBC1_ECOBD	14	9		738.391625333333	0.40977355977356
C6EBC0_ECOBD	22	12		804.323153555556	-0.200551367935694
C6EBB9_ECOBD	12	3		1229.23331	-0.357092791716447
C6EL13_ECOBD	14	6		667.77688	0.29966688110651
C6E9W0_ECOBD	20	13		806.391744403509	-0.0153509738125123
C6E9V9_ECOBD	15	9		904.162053095238	0.0298849257571367
C6E9V8_ECOBD	27	16		684.586677458334	-0.245405545954941
C6EGE0_ECOBD	23	10		796.314565	-0.0393850247496864
C6EB07_ECOBD	11	7		862.4729539375	-0.208122552051124
C6EDY7_ECOBD	22	11		816.765666519608	0.154753226829488
C6EF95_ECOBD	17	13		789.772990526316	0.242098234160024
C6EF94_ECOBD	27	9		730.917018044444	0.0189859024417848
C6ED18_ECOBD	27	11		803.232073104167	0.0401528830112353
C6ED26_ECOBD	22	12		746.720264166667	-0.373635038450828
C6ED27_ECOBD	23	11		708.571704558824	0.102722025449298
C6EEZ9_ECOBD	11	7		937.821211111111	0.0489799615498373
C6EE59_ECOBD	11	4		901.984277333333	0.394810744810745
C6EE56_ECOBD	11	6		796.254194047619	0.258374375517918
C6EE61_ECOBD	14	10		965.849413083334	0.0185886302240585
C6EJS7_ECOBD	8	7		802.387020625	0.000191197691197609
C6EIH6_ECOBD	8	7		960.91800425	-0.0245666934485393
C6ECM2_ECOBD	10	8		680.002045555555	-0.0869742716165414
C6ECM0_ECOBD	10	4		904.172341666667	0.384789067142008
C6EG53_ECOBD	28	14		702.838173555556	0.0977394804075475
C6EJT2_ECOBD	22	12		794.347673571428	0.160881534043299
C6EDL8_ECOBD	11	10		960.636155277778	0.268688842920979
C6EC54_ECOBD	6	2		929.903986111111	0.379
C6ECS6_ECOBD	16	7		834.530590185185	-0.268395170640439
C6EFX3_ECOBD	14	11		954.121657017544	-0.028635795167097
C6ECF4_ECOBD	12	6		965.996174777778	0.0471481322504341
C6EB29_ECOBD	7	4		729.309292	0.811156417112299
C6EAS8_ECOBD	14	11		695.512259047619	-0.166183261183261
C6EGS3_ECOBD	20	12		735.648023235294	-0.144681605159546
C6EES2_ECOBD	21	14		800.029273627451	-0.189294784580499
C6ECC0_ECOBD	22	11		851.903776428572	0.100752505070687
C6EH91_ECOBD	8	6		808.983859583333	-0.111986531986532
C6ED87_ECOBD	24	10		950.363571538461	-0.0222691582296846
C6EGJ5_ECOBD	22	9		723.406867638889	0.243450345950346
C6E9Y5_ECOBD	18	12		748.170081666667	-0.202743813791726
C6ECK6_ECOBD	20	12		712.085832307692	-0.306898091015738
C6EK00_ECOBD	7	6		926.490504666667	0.047380698005698
C6EEG5_ECOBD	23	13		743.236493583333	-0.296742805689294
C6EF03_ECOBD	22	10		942.248549230769	-0.555983666716425
C6EDZ5_ECOBD	19	10		962.385228484848	-0.580734316377322
C6EEK8_ECOBD	12	5		1042.40329614583	-0.927359307359307
C6EGM0_ECOBD	17	11		832.050879871795	0.547200577200577
C6EGL8_ECOBD	3	1		1211.28168	1.04193548387097
C6EFP7_ECOBD	11	9		866.833642424243	0.587556539915875
C6EJM3_ECOBD	8	5		964.908801666667	0.980673551254946
C6EGJ4_ECOBD	10	6		909.62779	0.213931674942704
C6EDA4_ECOBD	15	8		1013.87620647436	-0.0898863308192352
C6ED09_ECOBD	10	4		1026.79470625	0.550104166666667
C6ELK2_ECOBD	17	6		784.506537037037	-0.542486772486772
C6EC16_ECOBD	19	6		1042.73220425926	0.480584563260002
C6EHS4_ECOBD	22	8		858.72154	0.0417079868231183
C6EH84_ECOBD	18	13		847.565850482456	-0.158786796536797
C6E9Y7_ECOBD	16	12		823.743082894737	-0.137846184576906
C6EKV5_ECOBD	14	4		724.63269875	0.689722222222222
C6ED37_ECOBD	12	5		805.122371	0.675082828282828
C6EL33_ECOBD	15	11		846.038304090909	0.453882024203461
C6EL12_ECOBD	10	5		1239.99968938095	1.11464912280702
C6EER0_ECOBD	11	6		781.607869833333	0.0248378010878011
C6EHM9_ECOBD	13	4		1093.70619805556	0.595625
C6EIA6_ECOBD	8	4		1470.03297291667	1.0948935207886
C6EJ27_ECOBD	16	8		1251.3048725	0.858881766381766
C6ELI8_ECOBD	12	8		1132.12421258333	0.840501604105335
C6EDP3_ECOBD	12	6		959.000642083333	0.967877184543851
C6EII6_ECOBD	12	6		1170.77472277778	0.89342436214695
C6E9U2_ECOBD	5	5		1003.511491	0.914113856068743
C6E9U1_ECOBD	7	4		1354.98771333333	1.41990541187739
C6EEI2_ECOBD	10	4		1192.24610733333	1.01102564102564
C6EJN6_ECOBD	10	3		1044.16161	0.540536398467433
C6E9X7_ECOBD	14	4		1114.27750083333	0.423787878787879
C6E9Y1_ECOBD	20	9		1019.14483393939	0.350920351111922
C6EG64_ECOBD	9	7		920.885189285714	1.1838171818435
C6EEF0_ECOBD	23	10		715.65564375	-0.168545634920635
C6EJ07_ECOBD	24	11		881.820617619048	-0.0205531673713493
C6EDQ5_ECOBD	18	9		682.581729545455	-0.0274881545469782
C6EDM2_ECOBD	4	3		942.337945625	0.422619047619047
C6ECP6_ECOBD	13	5		999.478735	0.592216736328805
C6EEU4_ECOBD	14	6		1007.68879952083	0.555548639370791
C6ECZ2_ECOBD	8	2		1364.768035	1.11630434782609
C6EB13_ECOBD	10	3		972.068345416666	1.04550406020994
C6EG87_ECOBD	10	4		1013.19687571429	1.42358397037745
C6EA00_ECOBD	11	3		1199.00874722222	0.984291666666667
C6EAB0_ECOBD	15	4		1170.04972138889	1.2041059997607
C6EK81_ECOBD	16	12		854.640727944445	0.0211596355714003
C6EK82_ECOBD	14	7		772.843283571429	0.465933808127357
C6EDQ6_ECOBD	12	7		1088.93813366667	0.882322868953994
C6EBH1_ECOBD	18	11		945.039840777778	-0.0709406294053072
C6EKC6_ECOBD	17	11		891.989419545455	-0.0386684922821287
C6ELE0_ECOBD	10	8		967.079841875	0.910193778922227
C6EHN4_ECOBD	16	11		934.156230185185	0.48708846889105
C6ELN9_ECOBD	10	4		1195.95637430556	1.31412950779727
C6EL38_ECOBD	12	5		1228.36167690476	0.812490579909935
C6EL53_ECOBD	13	5		1181.13353	0.993738150738151
C6EL54_ECOBD	11	8		919.377978888889	0.53629159035409
C6ED01_ECOBD	12	7		1038.99899145833	0.458813721495858
C6EK71_ECOBD	11	6		1031.86490648148	0.774750630494732
C6EH05_ECOBD	14	8		1031.8655	0.722508081896552
C6EL90_ECOBD	22	10		914.035638095238	0.0336057059555511
C6EEN1_ECOBD	15	10		1014.30447158333	0.491930658801982
C6EEN2_ECOBD	17	6		848.314243148148	0.190446377381362
C6ED76_ECOBD	16	13		777.647023027778	-0.139990239772628
C6ED79_ECOBD	16	9		833.877471527778	0.220552451663563
C6EDX6_ECOBD	13	7		918.336386770833	0.708754516160531
C6EEI9_ECOBD	12	8		1116.62156216667	0.66053877179047
C6EJM9_ECOBD	13	5		1184.39966321429	0.630635854341737
C6EDV4_ECOBD	8	4		941.852514722222	1.33802083333333
C6EK08_ECOBD	10	5		1311.08791277778	1.05205611045828
C6ED95_ECOBD	15	5		1183.25638261905	0.575850917616622
C6ELA1_ECOBD	11	4		1075.08823625	0.614026253918495
C6EKA4_ECOBD	13	3		1088.52762555556	0.727517482517482
C6EED5_ECOBD	20	8		930.651813703704	0.955009757399463
C6EKR1_ECOBD	10	3		803.904233333333	0.809090909090909
C6EL98_ECOBD	19	11		817.017409029412	-0.137785932120348
C6EHY8_ECOBD	9	8		814.491472348485	-0.0169618055555556
C6EHQ1_ECOBD	17	7		782.999913958333	0.0821705348806189
C6EL94_ECOBD	19	9		978.458399653846	-0.0802413040844413
C6EEP2_ECOBD	21	13		658.042685096491	-0.169002297747237
C6EEP1_ECOBD	22	6		1033.458596	0.971247456247456
C6EC67_ECOBD	10	4		982.895922857143	0.940353371173031
C6EC64_ECOBD	22	11		845.81706525641	-0.575661005661006
C6EKA8_ECOBD	24	11		774.242039444444	-0.00214429407276527
C6EKA6_ECOBD	14	9		848.524019444444	1.06050452566757
C6EAD1_ECOBD	8	5		1379.4317025	0.980703369489259
C6EBC8_ECOBD	8	5		875.713265	-0.00498670919723551
C6EBC7_ECOBD	20	13		769.491663666667	-0.00965017888094815
C6EBB8_ECOBD	10	5		795.963526111111	0.596666666666667
C6EBB7_ECOBD	14	7		789.135758571429	0.453930097680098
C6EBB6_ECOBD	4	2		1099.8188025	0.950833333333333
C6EBB5_ECOBD	9	5		1371.26903892857	0.935463720819331
C6EKL9_ECOBD	15	5		1194.00075010417	0.707176767676768
C6EFK6_ECOBD	10	6		958.95687	0.922340425531915
C6EJW2_ECOBD	9	5		1039.96880361111	0.491540812011577
C6EEM5_ECOBD	11	6		954.876492142857	0.370598394660895
C6EH99_ECOBD	15	8		650.551418703704	0.140079365079365
C6EID6_ECOBD	10	4		862.677335333333	0.814231601731602
C6E9W1_ECOBD	15	9		768.443634318182	0.135962401795735
C6EHA2_ECOBD	16	10		897.7343865	-0.0534916234436359
C6EBR2_ECOBD	11	5		919.166518666667	0.978020202020202
C6EFD9_ECOBD	13	7		943.37384	0.820186014909396
C6EIV0_ECOBD	16	7		813.0093045	0.117736715898481
C6EGE3_ECOBD	28	14		650.35594537037	0.0408698486142095
C6EGE2_ECOBD	16	13		849.693029607843	-0.265409644607113
C6EGD8_ECOBD	11	4		1282.96545875	0.244647216042516
C6EGD3_ECOBD	13	9		1106.24897035556	-0.101868398095997
C6EGD2_ECOBD	11	6		983.626454590909	-0.196694676651573
C6EJ83_ECOBD	12	8		931.958968518519	0.26027152483954
C6EKH1_ECOBD	15	10		928.103487424243	0.597406593406593
C6EEH4_ECOBD	12	4		921.489112333333	0.759054487179487
C6EAV1_ECOBD	18	8		916.185644444444	0.364849719623994
C6EEC3_ECOBD	6	3		809.41859	0.77013045434098
C6EKB6_ECOBD	5	2		1015.0518	0.95125
C6EJK7_ECOBD	16	12		784.688867051282	-0.149669720625603
C6EG48_ECOBD	12	6		1182.20335444444	0.766122900088417
C6EHZ7_ECOBD	10	5		1172.3477937963	0.659421309872923
C6EJE5_ECOBD	10	5		961.020260666667	0.857424603174603
C6EJE6_ECOBD	13	5		1039.527422	0.174768826575723
C6EJE7_ECOBD	21	13		796.00027075	-0.238299755799756
C6EKM9_ECOBD	12	8		1141.94297333333	0.961177319057754
C6EKM7_ECOBD	13	8		1088.11161266667	0.648397113415259
C6EKM6_ECOBD	12	8		992.530991944444	0.905264136246895
C6EKM5_ECOBD	7	5		1322.272107	1.00583636363636
C6EKM4_ECOBD	21	15		764.808806825397	-0.304562165184591
C6EC84_ECOBD	17	13		774.319791819445	0.0466576249863938
C6EC86_ECOBD	8	5		1118.76719366667	1.0044965034965
C6EFY2_ECOBD	14	7		1029.537709375	0.66438097616669
C6EEY8_ECOBD	11	6		951.826047142857	0.978142306288858
C6ELN7_ECOBD	13	5		986.075373095238	0.415082784648002
C6EGP9_ECOBD	2	1		1487.8569125	1.053125
C6EEE4_ECOBD	1	1		1209.94982	0.981818181818182
C6EGD1_ECOBD	10	6		1064.78588845238	0.449619708994709
C6EC32_ECOBD	15	8		701.37520375	0.639735081728616
C6ECV0_ECOBD	26	15		616.259664298246	-0.0242989700930878
C6EFB7_ECOBD	11	4		1026.96222416667	0.494022658192871
C6EFB8_ECOBD	10	7		994.249250092593	0.945035882421971
C6EDI6_ECOBD	11	4		871.3372	0.608441558441558
C6EJ33_ECOBD	14	8		917.390997666667	0.533098959916322
C6EDZ0_ECOBD	18	8		739.6043625	-0.585214285714286
C6EDZ1_ECOBD	15	9		1094.4878325	0.683167927731547
C6EDM5_ECOBD	17	11		928.223427239583	-0.0567453281653909
C6EI10_ECOBD	14	9		958.75216	0.051872311799848
C6EBL4_ECOBD	20	10		878.123398181818	-0.257737667561197
C6EBU1_ECOBD	20	10		855.333043541667	0.112894019379313
C6EBU2_ECOBD	17	9		982.874674863636	0.216192172025505
C6EAM8_ECOBD	10	5		1160.7058365	0.681833333333333
C6EHE8_ECOBD	19	8		1027.24367055556	0.767206370388446
C6EDP9_ECOBD	6	4		1213.20316133333	1.52978324915825
C6EDP8_ECOBD	7	4		1052.94484875	1.07677536231884
C6EG93_ECOBD	15	8		1089.86770015152	0.776801296108862
C6EBP1_ECOBD	15	6		1356.206430625	1.17903286256227
C6ED42_ECOBD	23	13		723.028240595238	0.0987551764474841
C6ED43_ECOBD	15	9		890.624016111111	0.69430175196257
C6ED04_ECOBD	14	7		866.886062407407	0.502586302586303
C6ELN3_ECOBD	17	9		963.8340482	0.00283936247678368
C6ELM7_ECOBD	12	5		1040.047952	0.423609706257982
C6EL77_ECOBD	13	5		1112.1620977037	0.707762375555479
C6EF47_ECOBD	16	9		730.522835606061	0.100732939899607
C6EB36_ECOBD	5	2		780.688345	1.30684523809524
C6EBT7_ECOBD	15	6		905.732289319728	0.566502277314133
C6EBT8_ECOBD	22	15		697.492642058824	-0.407908173525821
C6EGL2_ECOBD	8	3		1097.12159333333	1.5270202020202
C6EHF4_ECOBD	20	15		744.137492795454	-0.163829193899782
C6EH64_ECOBD	12	5		1040.83604972222	0.951733354704591
C6EH10_ECOBD	17	10		727.771706539216	0.227675283050283
C6EH08_ECOBD	19	8		987.87872	0.46155495852187
C6E9Z8_ECOBD	26	10		687.437709166667	-0.753955026455027
C6E9Z6_ECOBD	16	5		1115.35480277778	0.705676767676768
C6EGP0_ECOBD	11	5		1018.20622444444	0.210670818070818
C6EEP6_ECOBD	12	5		912.044429166667	0.0295846153846154
C6EEQ0_ECOBD	14	9		949.942137102564	0.456349621330013
C6EF97_ECOBD	18	7		862.604077142857	0.500651734377962
C6EF96_ECOBD	15	8		971.634573712121	0.585587068160597
C6EFK9_ECOBD	9	5		984.799312	0.768313742306528
C6ED52_ECOBD	12	9		1004.953025	0.685773336703259
C6ED51_ECOBD	11	6		1106.07825361111	0.705381431444087
C6ED50_ECOBD	9	6		981.028389761905	0.233834939007353
C6EAF2_ECOBD	15	7		1052.08231583333	1.22386574015865
C6EHG5_ECOBD	17	9		959.509743430555	0.27419394200402
C6EGK2_ECOBD	10	7		1263.60480928571	0.957768711234149
C6EKJ0_ECOBD	26	14		684.166407395833	-0.0558532340675198
C6EHI5_ECOBD	22	12		837.853944	0.12486747049247
C6EHI6_ECOBD	12	4		984.943665714286	0.0651086956521739
C6ELG6_ECOBD	10	4		1133.89368892857	0.554320164295393
C6ED20_ECOBD	11	6		1144.17599166667	0.857425387583172
C6ECT5_ECOBD	15	6		1043.91624315152	0.309381023914942
C6EGE4_ECOBD	11	7		760.53826125	0.0672802197802197
C6EI05_ECOBD	11	4		1006.65147166667	0.720923913043478
C6EJP3_ECOBD	9	3		1162.59317833333	0.764857142857143
C6EIC5_ECOBD	11	7		784.12222537037	0.776452320058458
C6EIC4_ECOBD	12	8		1048.41983111111	0.701532301243068
C6EJ44_ECOBD	18	8		790.237266041667	0.108810515873016
C6EJ46_ECOBD	9	6		826.413425833333	-0.524871145776318
C6EAU9_ECOBD	9	6		1166.71265547619	0.293955849219007
C6EID8_ECOBD	13	4		631.212102777778	0.00946969696969691
C6EI32_ECOBD	17	8		758.394637037037	0.22152997002997
C6EDZ3_ECOBD	9	8		860.902279166667	0.74366707607808
C6EAE8_ECOBD	20	12		873.010004642857	0.421749893755842
C6EAE9_ECOBD	15	9		828.28942469697	1.0532368546785
C6EL82_ECOBD	13	7		901.134942916667	0.754982790770267
C6EE60_ECOBD	10	5		1044.84134261905	0.820399760083971
C6EF00_ECOBD	14	6		1028.04304857143	0.219303085199824
C6EJS8_ECOBD	15	10		763.423717121212	0.057452707079642
C6EJS9_ECOBD	11	7		988.620439722222	0.368471432862189
C6EJR6_ECOBD	16	9		953.356462361111	0.856444541488401
C6EIH7_ECOBD	12	5		1260.5492702381	0.822329702181876
C6EDM6_ECOBD	12	8		1216.852855	0.893533349802371
C6EH86_ECOBD	9	4		1261.228736	0.786178451178451
C6EH93_ECOBD	11	7		1124.63998958333	0.803154662114022
C6EH85_ECOBD	18	7		886.47346625	-0.0165284715284716
C6ECM1_ECOBD	12	6		709.205911666667	0.396840520590521
C6EFT6_ECOBD	11	5		1202.55977777778	0.618246006866696
C6EFZ3_ECOBD	11	6		842.018371785714	0.486702533577534
C6EG52_ECOBD	11	6		815.487477857143	0.183828856328856
C6EJX7_ECOBD	19	11		769.581115436905	-0.372075605680869
C6EK22_ECOBD	27	10		936.427528888889	-0.123639087301587
C6E9V4_ECOBD	14	5		1089.81815944444	0.673421861471862
C6EJU9_ECOBD	22	11		853.289166410256	-0.263864415635515
C6EDR8_ECOBD	18	7		966.357713555556	0.0916754248065903
C6EHK1_ECOBD	11	6		915.07782952381	0.941216650633317
C6EAY4_ECOBD	11	8		1073.06433296296	0.614527187671045
C6EA28_ECOBD	12	6		1034.82397041667	0.68728687978688
C6EDB2_ECOBD	16	7		1114.03860185185	1.0363169883338
C6EHL7_ECOBD	5	2		888.1737975	-0.398641304347826
C6EGQ3_ECOBD	12	7		841.916188703704	0.671932539682539
C6EDW1_ECOBD	12	9		892.007801111111	0.987807208203194
C6EI48_ECOBD	14	8		1166.1662425	0.972620879198719
C6ECX5_ECOBD	6	5		1052.686721	1.10616149068323
C6ELL7_ECOBD	17	7		1059.38630083333	1.1257474668189
C6EHA8_ECOBD	10	5		1038.2734647619	0.751033210649
C6EHB2_ECOBD	16	11		849.182905158334	0.158169351796216
C6EHA7_ECOBD	24	9		787.602064455556	-0.389085198751865
C6EE24_ECOBD	25	12		642.136359333333	-0.303127729969835
C6EGY6_ECOBD	20	10		829.421792275	-0.311650537900538
C6EAK6_ECOBD	11	8		974.810208692063	0.261367289830912
C6EAY8_ECOBD	13	7		885.615253095238	0.479871008908276
C6EG94_ECOBD	10	6		1096.82050472222	0.743794110079521
C6EHL4_ECOBD	20	14		808.936250714286	-0.387127915805055
C6EBV4_ECOBD	23	13		811.239380991667	-0.284779650174387
C6EFL2_ECOBD	12	1		1404.715165	1.552
C6EHT5_ECOBD	21	17		709.103395144928	-0.170902194211018
C6EHT2_ECOBD	12	6		841.109074047619	-0.0514650383141763
C6EBF2_ECOBD	10	2		913.538050625	1.50994397759104
C6EDA2_ECOBD	18	10		859.459059404762	0.367882872846108
C6EDA3_ECOBD	11	6		899.733746547619	0.257786087369421
C6EDN1_ECOBD	15	7		951.461868333333	0.484669738863287
C6ECF6_ECOBD	11	6		1110.09706495238	0.264705683205683
C6EKL4_ECOBD	8	3		1379.58970929167	1.42507662835249
C6EEJ1_ECOBD	10	5		973.809269722222	0.306085231193927
C6EHQ3_ECOBD	20	12		869.425800929825	-0.317334624710099
C6ECL6_ECOBD	18	11		758.749726730769	0.00133838383838377
C6EAQ1_ECOBD	16	8		1191.152778125	0.942248184999144
C6EAQ7_ECOBD	22	13		761.234331203704	0.0395583604561932
C6EAR0_ECOBD	18	6		866.952689166667	0.41042991626583
C6EAP7_ECOBD	18	10		725.528194807692	-0.227257437007437
C6EAR1_ECOBD	13	7		973.10826625	0.913679508035098
C6EG20_ECOBD	13	9		907.469792575757	0.831311404644738
C6EG18_ECOBD	15	9		1275.362609	1.24039720780579
C6EDD5_ECOBD	10	5		1393.65800125	0.816936207779367
C6EIM6_ECOBD	8	6		1248.21121291667	1.13686202686203
C6EDZ2_ECOBD	10	4		1188.71263566667	0.549629629629629
C6EEB1_ECOBD	12	5		882.775134	0.73244826007326
C6EBG2_ECOBD	15	7		994.248966458333	0.414901902790101
C6EB08_ECOBD	16	8		1122.33461625	0.463535479236188
C6EAC7_ECOBD	15	9		950.485384	0.926626512602123
C6ELR3_ECOBD	6	1		1743.53252666667	0.817307692307693
C6ELQ2_ECOBD	12	8		1008.38763270833	0.887928221600097
C6ELK8_ECOBD	7	4		825.432545	0.383542663476874
C6ELK7_ECOBD	5	2		1298.52858444444	1.11597222222222
C6EKZ6_ECOBD	12	5		755.81197	0.835454545454545
C6EL16_ECOBD	14	9		749.2048255	-0.0195147078336734
C6EKX8_ECOBD	9	5		1002.1983835	0.771183261183261
C6EKV3_ECOBD	10	7		1181.6638175	0.876401931401931
C6EKT9_ECOBD	11	8		963.70351375	0.782072670042187
C6EKC1_ECOBD	4	2		1219.74801166667	1.37563025210084
C6EK86_ECOBD	20	11		840.461130066667	0.138799883067124
C6EJN5_ECOBD	9	4		684.441349666667	-0.0255006105006105
C6EJN4_ECOBD	8	4		818.118208333333	1.24166666666667
C6EJK3_ECOBD	2	1		1427.39374166667	1.03870967741935
C6EIZ5_ECOBD	12	7		1022.02107333333	0.523355094726062
C6EIZ4_ECOBD	21	8		1003.363260625	1.01767801715828
C6EIZ1_ECOBD	12	5		1154.29620785714	1.04195555555556
C6EIW4_ECOBD	14	10		1010.8633574359	0.811434313169127
C6EIQ5_ECOBD	8	1		695.775695833333	-1.07857142857143
C6EIU2_ECOBD	10	7		1085.78132821642	0.813429671966538
C6EIT8_ECOBD	12	4		1238.446625625	0.493390931102795
C6EIQ7_ECOBD	10	5		1010.98714796296	1.0479652173913
C6EIC3_ECOBD	12	7		815.085903958333	0.793213952247566
C6EI84_ECOBD	11	6		1218.6892175	0.885962190976105
C6EI69_ECOBD	15	8		915.479245208333	0.177143141444612
C6EI81_ECOBD	17	10		754.658129940476	-0.319682324211736
C6EI83_ECOBD	13	6		997.974841208333	0.277967171717172
C6EI76_ECOBD	23	11		730.132769761905	0.176354713866676
C6EHM8_ECOBD	2	1		1633.36781	1.49259259259259
C6EHL5_ECOBD	19	9		1036.26468722222	0.627257448433919
C6EHI2_ECOBD	14	8		1268.39226285	1.04805171645461
C6EHH6_ECOBD	10	5		978.554499666667	1.04037390956383
C6EHF5_ECOBD	3	2		855.908331111111	1.02
C6EGY2_ECOBD	19	8		869.648267222222	-0.255777245773376
C6EGX7_ECOBD	14	10		1059.89209451389	0.81516611077095
C6EGX0_ECOBD	15	9		901.430694711111	0.273575221227956
C6EGM7_ECOBD	16	8		1025.09919981481	1.06702947272026
C6EGR1_ECOBD	8	2		476.7171325	-0.745
C6EFS1_ECOBD	13	7		1177.25636738095	0.697131370091896
C6EFS0_ECOBD	13	6		1380.02229404762	0.959451380956757
C6EFR9_ECOBD	22	9		750.216113888889	0.0518695502028835
C6EEQ5_ECOBD	20	7		915.979834166667	-0.086814424694609
C6EET9_ECOBD	20	11		833.467177388889	-0.225990453566761
C6EET0_ECOBD	8	2		974.703424444444	1.27886710239651
C6EES1_ECOBD	14	9		884.849845	0.702811386030168
C6EES0_ECOBD	14	9		1054.75829121212	0.806785512618846
C6EER8_ECOBD	3	1		1244.29223027778	1.06206896551724
C6EER6_ECOBD	6	4		1210.17349625	1.27772893772894
C6EEM1_ECOBD	20	10		726.237480972222	0.114253854332802
C6EEP4_ECOBD	9	4		1469.10882133333	1.02188755837949
C6EDV3_ECOBD	13	5		924.487374	0.543158508158508
C6EDU9_ECOBD	14	9		876.108852272727	0.131031368934182
C6EEL8_ECOBD	21	11		853.842281611111	0.0474262583821407
C6EDP1_ECOBD	8	4		1257.64609233333	1.5500728021978
C6EDM0_ECOBD	8	4		732.915653	0.693891806722689
C6EDK2_ECOBD	5	2		947.781131111111	1.24395604395604
C6EDK0_ECOBD	12	7		753.367264259259	0.071862078164599
C6ECU6_ECOBD	10	7		1271.42035981481	0.902053900228968
C6ECT1_ECOBD	20	9		913.1588005	0.0874613570885314
C6ECR6_ECOBD	10	4		880.975049583333	1.18989112594376
C6ECI8_ECOBD	19	9		978.345647222222	0.400226767709224
C6ECI3_ECOBD	19	12		822.480930175439	0.30953476257864
C6ECI2_ECOBD	17	9		1107.50996486111	0.42245094217024
C6EC53_ECOBD	21	10		899.492058214286	0.236563692886061
C6ECK7_ECOBD	14	5		826.888673095238	0.650786324786325
C6ECK5_ECOBD	17	5		910.5218975	0.758417582417582
C6EC45_ECOBD	14	10		930.555872291667	0.659719274977896
C6EC42_ECOBD	6	6		1059.16502	1.31809973337063
C6EC40_ECOBD	14	8		836.070073518518	0.668698483975702
C6EC09_ECOBD	10	8		842.445681166667	0.38715100931677
C6EBZ6_ECOBD	18	10		1007.75062202381	0.212234384630423
C6EBY9_ECOBD	12	6		1103.34727107576	0.866139658779313
C6EBE3_ECOBD	15	11		787.145957424242	0.506271892595422
C6EBA7_ECOBD	12	5		1194.561539	1.42649402628435
C6EBD2_ECOBD	18	9		824.311313333333	0.451811974311974
C6EBA8_ECOBD	20	9		687.361961666667	0.163928170594837
C6EBA4_ECOBD	19	14		763.505234966667	-0.344726315351315
C6EBA3_ECOBD	10	5		924.857580555556	0.238947368421053
C6EB96_ECOBD	13	4		939.25186625	0.864186376363101
C6EB69_ECOBD	10	4		1009.10623133333	0.124564544650751
C6EB85_ECOBD	15	5		1015.95018535714	0.868491956241956
C6EAN7_ECOBD	16	11		883.584232230159	0.0510214836463126
C6EAL2_ECOBD	14	3		1295.00808	1.30484722222222
C6EAK8_ECOBD	26	10		840.163194277778	-0.120143610204281
C6EAI3_ECOBD	9	1		758.46174	1.48666666666667
C6EAI1_ECOBD	12	8		1177.465328	0.829485019707096
C6EAG1_ECOBD	18	9		1098.44217296296	0.768802943896322
C6EAG7_ECOBD	8	3		1207.12264833333	0.833650793650794
C6EA19_ECOBD	15	10		671.48444051282	0.139580203021379
C6ELG1_ECOBD	17	7		961.237348958333	0.146826254749391
C6ELF5_ECOBD	10	6		845.177281111111	0.0628174160782856
C6EL97_ECOBD	17	12		900.546314768518	-0.135967261904762
C6EL96_ECOBD	14	9		837.63251	0.705941435585398
C6EL91_ECOBD	2	1		414.192335	0.328571428571428
C6EL79_ECOBD	10	5		1320.71610305556	1.16045637153969
C6EKK8_ECOBD	17	7		963.828336428572	0.0828615317094578
C6EKH3_ECOBD	17	10		975.321135333333	0.105150362724371
C6EK09_ECOBD	25	13		754.501308125	-0.137265621131006
C6EJY8_ECOBD	19	8		878.013135555555	-0.138870187085913
C6EJU3_ECOBD	7	5		1019.66278861111	0.799723039215686
C6EJV5_ECOBD	11	4		815.40265625	0.247371031746032
C6EJD1_ECOBD	14	10		915.546615769231	0.55265633451217
C6EJC7_ECOBD	13	6		1139.40557041667	1.05615056811775
C6EJ94_ECOBD	18	9		877.12906935	0.0261066712662917
C6EJA1_ECOBD	15	9		981.582323269231	0.229602832512315
C6EJ59_ECOBD	7	4		1211.11297966667	1.30818218240093
C6EJ36_ECOBD	14	8		820.472686833333	0.796285714285714
C6EIM1_ECOBD	11	5		1273.6249502381	0.818997105953628
C6EI09_ECOBD	14	7		803.561957708333	0.125879818594104
C6EI08_ECOBD	24	13		711.0133078125	-0.0815365516836105
C6EI07_ECOBD	25	16		673.475889356061	-0.0334241626429126
C6EI06_ECOBD	25	10		768.743924679487	0.345981713811233
C6EHW6_ECOBD	9	4		1378.4461875	1.00493360805861
C6EHR8_ECOBD	10	2		1031.26643	0.347628458498024
C6EHR0_ECOBD	26	12		709.628286715686	0.110187384782973
C6EHQ4_ECOBD	16	6		1083.83688833333	0.771267448218637
C6EHN8_ECOBD	8	3		933.13912	0.333680555555556
C6EH53_ECOBD	16	8		970.255371	1.09738099551415
C6EGJ7_ECOBD	5	2		620.0394125	-0.733333333333333
C6EGJ0_ECOBD	17	10		1016.42027375	0.710412702691047
C6EGI9_ECOBD	17	9		856.371512115385	0.624477991144658
C6EFJ9_ECOBD	11	6		1031.43084545455	0.669909956880534
C6EFH3_ECOBD	16	8		1054.24076648148	0.485332912457912
C6EFE0_ECOBD	11	5		1011.372939	1.69500907441016
C6EF91_ECOBD	13	5		958.448706944444	0.535692113245703
C6EFA8_ECOBD	8	4		973.419395944445	0.568492063492063
C6EFA6_ECOBD	8	4		1211.411936	1.12867840588092
C6EFA3_ECOBD	13	8		1079.67594416667	0.822248767436267
C6EFA1_ECOBD	13	6		1052.59866145833	0.394193717851461
C6EFA0_ECOBD	17	7		769.310441166667	0.354568070818071
C6EEH7_ECOBD	17	7		867.189489015151	0.727594037615046
C6EEJ4_ECOBD	8	3		870.1781041	0.826262626262626
C6EEJ3_ECOBD	18	12		865.52106625	0.16773613961114
C6EEG0_ECOBD	10	5		943.398747809524	0.369334759358289
C6EEE7_ECOBD	19	12		906.262190231482	-0.225112265164687
C6EEE6_ECOBD	8	3		803.610028333334	0.55059015059015
C6EEE1_ECOBD	14	10		1106.29208291667	0.739856460397779
C6EED4_ECOBD	16	9		1004.546605	0.379505801540889
C6EEB6_ECOBD	10	3		823.431315	0.40921052631579
C6EEB5_ECOBD	9	2		1178.88638	1.24813596491228
C6EEB7_ECOBD	15	10		1065.38884805556	0.66621645902998
C6EEA2_ECOBD	9	6		991.33424	0.681840062111801
C6EEA1_ECOBD	9	6		1132.83862864583	0.680263876570306
C6EE91_ECOBD	27	9		961.590092595238	0.0221074383443199
C6EE90_ECOBD	27	9		866.59230875	0.112846674023145
C6EE89_ECOBD	6	3		979.502316955357	0.389507154213036
C6EE83_ECOBD	16	10		753.847319166667	0.189357644806174
C6EDJ5_ECOBD	21	10		852.034276969697	-0.0511150820283947
C6EDJ4_ECOBD	7	5		874.128859055556	-0.00881469704999127
C6EDE4_ECOBD	11	8		957.387730833333	0.939333243749005
C6EDD2_ECOBD	16	6		982.721846428571	-0.126587602212602
C6EDA5_ECOBD	11	8		1039.10790666667	0.460442708333333
C6ED85_ECOBD	13	8		874.693928409091	0.476530721966206
C6ED93_ECOBD	10	6		938.797095263889	0.525728049840626
C6ED92_ECOBD	11	5		748.792922	0.300438095238095
C6ED91_ECOBD	11	4		842.22682875	0.339553471890428
C6ED89_ECOBD	13	8		1147.23408796296	0.663112645205036
C6EFZ4_ECOBD	14	3		1029.47820125	-0.270252525252525
C6EF84_ECOBD	10	7		1250.65824833333	1.16556221556222
C6EF41_ECOBD	19	11		905.172681111111	-0.0765431463960876
C6EF25_ECOBD	16	8		989.990881666667	0.206904963247571
C6EF24_ECOBD	14	7		1095.43618203704	0.469852684357808
C6EE65_ECOBD	14	9		1151.67559111111	1.0429445594663
C6EDZ4_ECOBD	9	4		912.217084333334	-0.356691919191919
C6ED64_ECOBD	4	2		841.70955	1.22638888888889
C6ED63_ECOBD	20	13		725.951228921569	-0.212262909504289
C6ECZ4_ECOBD	12	5		1205.81237702381	0.611560846560847
C6ECZ6_ECOBD	4	1		1145.6460375	1.65217391304348
C6ECY4_ECOBD	9	1		703.050970555556	0.226315789473684
C6ECW7_ECOBD	9	4		1121.853469	0.386593275913213
C6ECB8_ECOBD	11	5		1144.17772857143	1.02696010724796
C6ECG5_ECOBD	5	4		1006.87737527778	0.48686955764542
C6ECG4_ECOBD	23	9		715.264367878788	-0.557373737373738
C6EC94_ECOBD	14	8		1027.79474818182	0.466225543478261
C6EC79_ECOBD	13	11		1095.3631625641	0.465946156240274
C6EBQ2_ECOBD	19	13		788.052138333333	-0.255667385920422
C6EBQ0_ECOBD	6	4		955.75381375	0.841136363636364
C6EBP9_ECOBD	13	8		999.594715625	0.20993057983683
C6EBP7_ECOBD	8	7		1156.02234731481	0.707522088991947
C6EBK7_ECOBD	8	5		1053.73767916667	0.686452081252081
C6EBL3_ECOBD	17	11		1083.29620987179	0.451986253867939
C6EBL2_ECOBD	16	9		970.505370138889	0.263193154135183
C6EBK6_ECOBD	17	10		877.159790944445	0.0827518258186924
C6EBK2_ECOBD	5	3		1139.40055041667	1.17590804597701
C6ELS9_ECOBD	15	8		1005.57944222222	0.151295441451887
C6ELS6_ECOBD	15	13		894.829304291667	0.115556241517973
C6ELS1_ECOBD	20	10		876.697819861111	0.035269075067547
C6ELT2_ECOBD	4	2		845.96185	0.5
C6EGW9_ECOBD	8	4		874.381638125	-0.106900793650794
C6EC36_ECOBD	5	3		1255.35568833333	1.67138888888889
C6EGS2_ECOBD	5	1		949.56568	2.18888888888889
C6EGU3_ECOBD	11	4		773.431035	0.914015151515152
C6EFU7_ECOBD	5	1		931.02144	1.95
C6EFQ0_ECOBD	6	1		968.072185	2.24444444444444
C6EEV5_ECOBD	11	6		797.307977407407	-0.0218055555555556
C6EEV2_ECOBD	11	4		1098.26568607143	0.101587301587302
C6EEQ7_ECOBD	6	4		908.106076666667	0.82125
C6EEK3_ECOBD	21	13		739.871814074074	0.466895956607495
C6EDV2_ECOBD	2	1		1287.7413	1.31071428571429
C6EEL7_ECOBD	7	2		1228.92115	0.929545454545454
C6EDR6_ECOBD	6	4		1287.19401266667	1.254625
C6EDQ2_ECOBD	13	9		881.050280166667	0.181246696984683
C6ECN7_ECOBD	5	1		856.998275	2.56875
C6ECK2_ECOBD	9	4		975.823195	0.999358974358974
C6ECJ9_ECOBD	10	5		665.697778571429	0.207501526896876
C6ECJ5_ECOBD	20	12		855.819664111111	-0.172111326173826
C6EC10_ECOBD	15	6		1019.097345	0.453165380371263
C6EAH6_ECOBD	8	7		931.5249084	0.239858876242805
C6EAH0_ECOBD	11	5		1160.64151261905	0.956207792207792
C6EAI4_ECOBD	3	1		1520.844815	1.91428571428571
C6E9Z1_ECOBD	5	3		726.72314	0.394047619047619
C6EKN7_ECOBD	19	12		827.160396083333	-0.0612069564526434
C6EKN9_ECOBD	8	3		729.971906666667	-0.499805068226121
C6EKG4_ECOBD	5	4		1040.66610406667	1.39162077773944
C6EKG2_ECOBD	18	12		843.167784722222	0.0947797521786492
C6EKG1_ECOBD	10	4		983.274889166667	0.684700292397661
C6EJT7_ECOBD	9	3		1045.86679333333	1.19425366300366
C6EJV9_ECOBD	4	2		1228.82392444444	1.61958333333333
C6EJ98_ECOBD	14	10		856.981956212121	0.251876949847538
C6EIN3_ECOBD	19	12		833.538028722222	0.222672830301507
C6EIK9_ECOBD	10	7		1174.83092715	1.19155793086465
C6EIM0_ECOBD	4	1		1460.795195	1.62222222222222
C6EIE3_ECOBD	12	4		1262.8132675	1.34788095238095
C6EHU5_ECOBD	10	5		1111.41239274524	0.429641562384983
C6EHU4_ECOBD	20	13		795.361695	-0.0963774225984852
C6EHP8_ECOBD	12	7		951.713483333333	0.409784013605442
C6EHP7_ECOBD	11	5		912.801745766667	-0.0996098104793756
C6EHP2_ECOBD	7	4		1085.467703	0.994129464285715
C6EH74_ECOBD	15	8		965.130613888889	0.463125558194292
C6EH31_ECOBD	12	9		953.137335666667	0.934499321976439
C6EFI4_ECOBD	14	7		544.619796041667	-0.436794990723562
C6EFI3_ECOBD	11	7		973.158819621212	-0.127140263730126
C6EFI2_ECOBD	17	11		692.392762916667	-0.34545579939965
C6ED41_ECOBD	5	1		401.21327	0.328571428571429
C6ECD4_ECOBD	15	6		1350.75896452381	1.06248952138065
C6ECD2_ECOBD	12	6		869.930699285714	0.263244011320637
C6ECB9_ECOBD	11	5		830.750406333333	0.549237076648841
C6EBJ5_ECOBD	4	2		1183.6905475	2.15948275862069
C6EJJ2_ECOBD	13	7		999.964648069444	0.499345938105336
C6EBW8_ECOBD	10	6		1235.70689071429	1.40695880365797
C6EHV4_ECOBD	8	3		1082.61706166667	0.365908464295561
C6EF80_ECOBD	9	5		1112.75236558333	0.798316773504273
C6EF66_ECOBD	13	11		794.490589154135	-0.350465090465091
C6ECE5_ECOBD	20	7		961.4173215	0.343979774705581
C6EDC7_ECOBD	14	9		877.3853774	0.128557339334702
C6EJB1_ECOBD	5	2		1034.549	1.00791666666667
C6EKM8_ECOBD	2	2		962.7259225	0.391
C6EEE2_ECOBD	1	1		1498.27712916667	1.01212121212121
C6EH92_ECOBD	17	8		897.194327272727	0.574573232323232
C6EBM1_ECOBD	18	7		997.907623571429	-0.0830778745064459
C6EBM2_ECOBD	13	8		1163.84682555556	0.864140663669361
C6EJF0_ECOBD	14	7		873.303414166667	-0.0183826810076258
C6EB45_ECOBD	13	5		865.762738	0.469724789915966
C6EFF5_ECOBD	13	5		1399.13886972222	0.888106643356643
C6EE94_ECOBD	16	9		997.755149242424	0.611157913127741
C6EBE7_ECOBD	5	3		868.071305	0.745384294068505
C6EBQ6_ECOBD	2	2		958.9976825	0.861666666666667
C6EC74_ECOBD	15	4		807.83378375	1.28571770334928
C6ECB0_ECOBD	6	2		938.622239583334	0.517302052785924
C6EDC4_ECOBD	23	12		641.31710125	-0.201280309269696
C6EDU0_ECOBD	5	5		937.229682666667	-0.124042735042735
C6EE88_ECOBD	5	3		973.162682	0.651010101010101
C6EEK9_ECOBD	4	1		409.719235	0.285714285714286
C6EF70_ECOBD	8	5		1109.07391	0.318230994152047
C6EFL8_ECOBD	5	5		932.423056	-0.157645299145299
C6EFV9_ECOBD	4	1		1684.36896	0.507142857142857
C6EFZ6_ECOBD	12	8		884.101291388889	-0.570255768692394
C6EG29_ECOBD	7	3		929.509824583333	0.893817878028404
C6EGC6_ECOBD	6	3		696.14030875	1.37208333333333
C6EGC8_ECOBD	2	1		1219.30811	1.234375
C6EGJ2_ECOBD	7	2		931.3270442	1.6051724137931
C6EGR4_ECOBD	5	2		416.447705	-0.623809523809524
C6EHV3_ECOBD	9	1		1163.98925	1.94347826086957
C6EIR9_ECOBD	20	11		854.918789166667	0.107043486150991
C6EJ10_ECOBD	3	1		514.731495	0.32
C6EK85_ECOBD	2	1		541.26128	-0.722222222222222
C6EKK5_ECOBD	7	3		737.728643333333	0.948809523809524
C6EL64_ECOBD	4	2		983.168358611111	0.762139423076923
C6EKS5_ECOBD	5	3		957.844966666667	0.696753246753247
C6EFM7_ECOBD	6	2		1563.574945	0.718965517241379
C6EA58_ECOBD	16	9		852.579868181818	0.162370389233134
C6EC80_ECOBD	17	12		857.11642915	-0.10368432629462
C6EC81_ECOBD	30	11		629.881021190476	-0.288168157599976
C6EDX0_ECOBD	8	1		923.087105	2.30625
C6ED86_ECOBD	11	6		738.861665	0.76724796037296
C6EFM2_ECOBD	15	8		1032.69267883333	0.548529942279942
C6EA41_ECOBD	14	7		822.943517291667	-0.303078171828172
C6ELQ8_ECOBD	5	3		1112.39367666667	0.586424731182796
C6EKW4_ECOBD	4	3		1254.71345277778	1.17324074074074
C6EJN2_ECOBD	28	11		723.038044362745	-0.0104216535098888
C6EEQ4_ECOBD	26	12		695.766497314815	-0.0702428345075404
C6EDU3_ECOBD	14	9		910.811838166667	0.523697579390179
C6EEI2_ECOBD	10	4		1192.24610733333	1.01102564102564
C6EJU5_ECOBD	12	5		1021.08838761905	0.957510301875627
C6EIM4_ECOBD	10	5		1276.55389904762	1.03521859276768
C6EIH8_ECOBD	16	7		1077.74490831818	0.42164535912818
C6EEK0_ECOBD	26	12		695.103748472222	-0.0696674376821435
C6EDW7_ECOBD	14	7		806.94196462963	0.377488662131519
C6EIH0_ECOBD	7	4		675.855975	0.174366605616606
C6EFE7_ECOBD	4	1		892.978395	1.8375
C6EJ13_ECOBD	15	6		884.322564479167	-0.261038267288267
