Entry Name	Total #Tryptic Peptides	# Detectable Tryptic Peptides	Detectable(%)	mean m/z	mean gravy	mean mass
Q6BF86	2	1		1487.8569125	1.053125	3570.85659
P37388	21	12		822.550303981481	0.243333894455218	1740.48002333333
P75616	12	6		627.064063703704	-1.41258741258741	1449.21550333333
P64485	6	3		1255.35568833333	1.67138888888889	2510.71137666667
P00363	16	10		897.551238265664	0.0405257416731874	2174.334482
P00393	20	13		765.80373344617	-0.0592532950687583	1651.46262384615
P00550	13	4		1177.52460059524	0.896773504273504	2820.7331725
P00561	20	14		715.767834958333	0.292941667250878	1530.78751357143
P00803	21	7		928.013767916666	0.242673469387755	1870.55137714286
P00804	11	7		1105.98927185185	0.813958365164247	2450.55283142857
P00805	19	11		818.567158555556	-0.093595377232157	1816.80411727273
P00811	18	12		919.028075	-0.173015052874967	1857.03012416667
P00904	15	11		954.121657017544	-0.028635795167097	2164.46487727273
P02916	18	8		739.6043625	-0.585214285714286	1479.208725
P02918	23	14		740.923202892157	0.163526790669648	1547.15288
P02924	26	14		677.210712291667	-0.140821866625438	1356.10225857143
P02925	22	12		811.196731333333	0.244366148827536	1685.87656333333
P02930	18	11		828.19088	-0.585725781395638	1656.38176
P02931	18	9		954.507396666667	-0.173151250982133	1909.01479333333
P02932	24	12		804.841401794872	-0.819890797859548	1674.18379666667
P02943	18	9		1084.10367402778	-0.29046083795709	2275.72573
P03959	10	3		1044.16161	0.540536398467433	2108.48554666667
P03961	12	5		1100.91444930556	0.0242410729367251	2813.666446
P04816	22	11		724.233303974359	-0.0713035493170774	1629.71159545455
P04825	24	13		789.906196342592	-0.329348030137504	1648.73893538462
P04968	21	13		759.85632254902	0.232426570828862	1649.30430615385
P04983	29	14		703.838525888889	0.075418051836119	1352.33200785714
P05050	17	12		825.438965131579	-0.0901607178697006	1772.37918583333
P05458	21	11		835.583292111111	-0.150757414995383	1889.31172454545
P05824	20	11		769.581115436905	-0.372075605680869	1807.71744727273
P06136	25	10		828.675871805556	-0.464547739297739	1746.371615
P06149	25	11		799.788247777778	-0.0859297565179919	1706.39597636364
P06282	20	15		770.291382561403	-0.200961329030447	1578.46956866667
P06611	20	8		838.361177416667	-0.195715262066365	1824.7935325
P06616	25	10		775.185423697917	0.0734370199116329	1856.843903
P06709	20	10		914.012339242424	0.160401394901395	1841.342189
P07000	25	14		709.094487261905	-0.0242929234630916	1528.32853642857
P07001	21	11		773.433810909091	0.0708811080546723	1546.86762181818
P07003	15	10		939.361778973684	0.067204365079365	2232.485125
P07014	23	16		676.969565964912	-0.336788452560511	1417.9919925
P07021	13	7		917.021581111111	-0.198479437229437	1924.5157
P07102	21	12		858.30343547619	0.149812751986385	1728.79677333333
P07109	26	10		803.211322388889	-0.0428499417249417	1882.664219
P07650	17	13		780.228763645833	0.20115748602101	1550.69863
P07654	15	9		801.170483703704	0.687967372134039	1794.6342
P08200	27	13		682.779146764706	-0.257306895383819	1459.95686384615
P08331	24	12		824.845450238095	0.0136077008207763	1642.23366
P08370	12	7		920.534920208333	0.1455880574452	1828.34215
P08371	18	8		790.738781875	0.126171626984127	1741.25707375
P08395	28	12		807.595982333333	0.117429075554076	1607.06135416667
P08400	20	12		745.347426041667	-0.221552754147231	1779.32965583333
P08401	20	10		900.348606559524	0.176491441066254	2043.86364
P08506	21	12		797.623893020833	0.0674033578077696	1711.35619583333
P08550	11	8		961.887959375	0.938527112255561	2094.857145
P08839	22	11		865.74160125	-0.0444087652159752	1702.40624909091
P09152	31	9		746.808333461538	-0.870696593854489	1669.22012777778
P09391	17	9		839.705325358975	0.128208168642951	2085.93748555556
P09394	28	11		703.9475625	-0.46277915173609	1587.02513545455
P09546	24	10		642.814667435897	-0.0805887445887446	1411.520292
P09549	23	9		814.481800416667	-0.200941639507283	1709.79007444444
P09836	18	10		859.459059404762	0.367882872846108	1750.295815
P0A6A0	31	11		674.029354047619	0.226511619693438	1463.05602818182
P0A6E9	18	9		682.581729545455	-0.0274881545469782	1762.71266222222
P0A6H8	23	9		982.926718888889	0.37494477987899	1998.14570666667
P0A6J1	20	9		780.097975977778	-0.0168553443553444	1943.53487333333
P0A6J3	15	6		766.306226111111	0.209604349139233	1809.590175
P0A6J5	23	12		793.801529	-0.516303158982662	1660.8989625
P0A6Q6	16	7		839.081126916667	0.206983082706767	1902.09345857143
P0A6X3	7	5		894.41841834127	-0.054775176514307	2092.030862
P0A6Y8	20	12		873.597889583333	-0.151672054797055	1747.19577916667
P0A6Z3	29	12		721.534054460784	-0.401236618319952	1564.09107583333
P0A734	8	6		683.87555	0.260208333333333	1437.41025666667
P0A754	11	7		862.4729539375	-0.208122552051124	2573.25700571429
P0A756	15	9		858.212919960784	-0.168681630642415	1895.16989222222
P0A759	22	12		853.716188518519	-0.200103045647163	1795.55182583333
P0A766	10	6		859.385599166667	1.12758838383838	1718.77119833333
P0A7B1	29	15		683.323743627451	-0.279303612566771	1381.75789133333
P0A7B3	16	9		930.039905059524	0.100434275238197	2405.33331666667
P0A7E1	21	15		684.415339166667	-0.220741242329952	1447.32292133333
P0A7E5	20	12		832.655798039216	0.13484570802005	1773.7413775
P0A7H3	29	10		936.427528888889	-0.123639087301587	1866.234814
P0A7J0	16	11		771.900432604167	-0.010977707288449	1592.41060909091
P0A855	19	7		799.4618115	-0.0755246842326675	1975.41206285714
P0A879	22	13		791.194347107843	-0.306562001347069	1587.48759076923
P0A8R7	19	7		770.430442	-0.824161537084469	1895.20964571429
P0A8S5	11	5		973.809269722222	0.306085231193927	1982.983442
P0A8U0	11	7		882.938786527778	-0.246814058956916	1999.99632
P0A8X2	19	11		754.636562888889	-0.367658179932651	1609.69578181818
P0A8X4	22	10		757.756854090909	-0.0640056479468245	1542.604291
P0A8Z3	15	7		804.62396037037	-0.17741284250601	1662.94460857143
P0A901	21	12		618.352910416667	-0.0993202861952862	1236.70582083333
P0A908	18	10		992.216828717948	-0.329806528742289	2203.437778
P0A912	16	8		794.002372954545	-0.36946158008658	1803.5945025
P0A917	14	7		824.572258809524	-0.624854156574911	1822.69539571429
P0A921	19	13		842.8122665625	-0.351526156875665	1864.05417384615
P0A924	21	12		911.005147916667	0.315821262071262	1881.50893666667
P0A935	23	7		1023.715335	-0.36864659060105	2099.86046714286
P0A937	7	4		1184.888354	0.00944700460829495	2890.1843175
P0A940	25	14		694.683862604167	-0.0337711809665592	1469.60924857143
P0A996	27	16		684.236286208333	-0.247280545954941	1300.886408125
P0A9C0	23	13		806.391744403509	-0.0153509738125123	1614.42478461538
P0A9J4	13	9		852.977806813726	-0.139662962119102	2181.99288
P0A9K7	25	14		712.285015350877	-0.269923989409284	1462.98440571429
P0A9M5	14	6		685.862443833333	0.000610722610722601	1579.28895166667
P0A9P0	24	9		869.273035625	0.275014252269154	1966.22537111111
P0A9P4	22	12		823.422215989583	-0.207589751047669	1740.86124166667
P0A9Q9	14	8		1035.439548	0.0719628527082612	2296.63907
P0A9R7	22	10		751.417766875	-0.0690750377073907	1801.006365
P0A9S7	21	14		727.153766710526	-0.116548316296216	1543.64934785714
P0A9U1	18	11		942.000788645833	0.143755222421666	1958.70915363636
P0A9U3	20	12		869.390081203704	-0.27763630742855	1886.42112083333
P0A9V1	21	12		770.554413263158	-0.0282793040293041	1704.69663166667
P0A9W3	21	12		745.686366031746	-0.323227358189626	1632.7323075
P0A9X1	20	14		695.255839275	-0.00606467037802735	1619.63541142857
P0A9X4	21	12		634.219204444444	-0.0442740130240131	1350.09852166667
P0AA47	10	4		1009.10623133333	0.124564544650751	2315.671085
P0AA49	14	9		837.63251	0.705941435585398	1735.70813777778
P0AA53	26	11		850.509350555556	0.252145828028181	1741.35807272727
P0AA63	13	7		951.713483333333	0.409784013605442	2116.26546285714
P0AA73	14	6		1263.54193305556	1.12973336385836	2815.01970333333
P0AA84	26	9		849.639671515152	-0.317178123600537	1810.02222
P0AA91	17	10		864.241045833333	-0.0723531533825652	1751.280536
P0AA93	20	9		1063.71321121212	1.08751971412366	2268.2316
P0AA95	10	5		735.654945	-0.271766233766234	1471.30989
P0AA99	23	12		775.326508333333	-0.317422633947196	1755.20726916667
P0AAB4	28	10		738.6296275	-0.158565039180768	1520.056382
P0AAC4	13	6		1072.74747	0.630154292835452	2145.49494
P0AAC6	9	4		987.842556875	0.435140625	2822.014825
P0AAD2	12	5		1040.83604972222	0.951733354704591	2950.933766
P0AAD6	11	6		999.538977619048	0.605717120181406	2641.71061666667
P0AAD8	10	5		1038.2734647619	0.751033210649	2231.756424
P0AAE0	10	6		1004.26680802083	0.676500550939575	2328.52457
P0AAE5	13	6		959.000642083333	0.967877184543851	2042.61508
P0AAE8	8	2		1364.768035	1.11630434782609	3679.420865
P0AAF3	22	10		806.996150347222	0.0496638861138861	1988.193689
P0AAF6	20	9		953.193087564103	-0.243594962231644	2286.58165
P0AAG5	19	13		894.210378928571	0.545403792173569	1770.47110538462
P0AAH0	24	14		766.688106851852	-0.211979372908584	1544.55444285714
P0AAH4	30	13		739.023008111111	-0.168790555598248	1430.17558538462
P0AAH8	23	14		760.634148257576	-0.0192436397635978	1602.03223071429
P0AAJ1	18	12		730.9664709375	-0.238873656980275	1641.41480416667
P0AAJ5	21	14		641.306791388889	-0.332850734269907	1298.09985142857
P0AAJ8	20	13		768.094198921569	-0.562171717171717	1687.09563692308
P0AAK7	26	10		775.58976051282	0.0629213184476342	1604.355244
P0AAL3	26	15		668.612160588235	-0.0993781423255107	1363.53723066667
P0AAL6	20	9		913.1588005	0.0874613570885314	1902.65519888889
P0AAM1	16	11		934.156230185185	0.48708846889105	2277.67468545454
P0AAP1	17	6		784.506537037037	-0.542486772486772	1828.90382
P0AAS0	15	6		672.586655833333	0.112353757353757	1345.17331166667
P0AAT4	15	7		969.105912277778	0.496154335113145	2069.83660142857
P0AAV0	7	3		1004.47614877778	0.975858585858586	2270.16443333333
P0AAX6	6	2		1407.10825833333	0.1	3669.818305
P0AAX8	19	9		868.630051515152	-0.203202103106036	1765.57391555556
P0AAY4	4	3		981.042590071429	0.295555555555556	3165.61156
P0AAZ0	12	7		815.085903958333	0.793213952247566	1744.51557571429
P0AB06	23	12		640.5336709375	-0.229615040460629	1292.58871916667
P0AB10	12	7		1016.64391270833	-0.0654417151475975	2139.65580714286
P0AB12	9	5		873.097687777778	0.523092145949289	2156.541304
P0AB24	25	12		746.467401282051	-0.383911181411181	1542.752215
P0AB26	17	7		855.055671666667	-0.271508463493253	1729.72007428571
P0AB38	14	9		897.217563136364	-0.17980881691408	2282.69653222222
P0AB40	7	3		1050.00283708333	0.201010101010101	2384.22875
P0AB58	27	10		839.563013333333	-0.035722312689031	1798.483459
P0AB67	10	4		1000.60613205556	1.23485619772384	3273.2874025
P0AB85	19	12		748.170081666667	-0.202743813791726	1571.4497075
P0AB98	13	5		1145.89899208333	0.779577554599075	3193.141098
P0ABA6	26	14		675.722339270833	-0.0950552027337742	1409.63224357143
P0ABB4	23	15		709.821735462963	-0.0341930008988833	1470.262966
P0ABB8	21	9		830.856083472222	-0.364339426006093	1716.63055
P0ABF1	33	11		683.722032435897	-0.553289172128181	1371.39854818182
P0ABF6	17	11		888.288367380953	-0.0712212787212788	1918.02567363636
P0ABF8	11	7		904.682970925926	0.659347788643141	2030.21837857143
P0ABG1	15	4		1170.04972138889	1.2041059997607	3242.2192925
P0ABH0	23	10		931.985796190476	0.33778964864028	1972.488863
P0ABH4	9	3		1097.12159333333	1.5270202020202	3095.42740333333
P0ABI4	22	11		941.888136988889	-0.312579696836614	2035.24407454545
P0ABI8	11	7		834.150258520833	0.582724867724868	2167.71588
P0ABJ1	20	11		901.927210166667	0.151088405702042	2030.14095909091
P0ABJ3	9	5		1071.14404862121	0.817310276717487	3462.732966
P0ABJ6	3	2		813.139550416667	0.33375	3798.95742
P0ABJ9	13	5		1144.77780888889	0.862234432234432	2953.304792
P0ABK7	13	4		680.5924475	-0.455	1361.184895
P0ABK9	26	12		801.35385712963	-0.521401073911155	1628.18634916667
P0ABL3	12	4		881.55301875	-0.466454545454545	2115.727245
P0ABL5	26	10		687.437709166667	-0.753955026455027	1506.378776
P0ABM9	22	11		824.046075454545	-0.388854501640425	1648.09215090909
P0ABS5	27	12		821.631953125	-0.273911836830987	1662.63374916667
P0ABT8	15	9		1151.67559111111	1.0429445594663	2303.35118222222
P0ABU7	16	7		943.853362222222	0.0266732804232804	1883.93753428571
P0ABU9	21	11		873.887806190476	-0.0533053221288516	1929.16189909091
P0ABV2	10	8		814.491472348485	-0.0169618055555556	1875.18675125
P0ABV6	14	4		565.80720125	0.348523698523698	1131.6144025
P0ABZ4	19	8		840.754316666666	0.585688567045811	1813.5653875
P0AC02	25	14		747.967863666667	-0.571134381491524	1514.080175
P0AC23	14	7		1092.53184398148	0.795459956709957	2665.08514142857
P0AC26	9	5		984.799312	0.768313742306528	3114.180596
P0AC30	23	14		751.119535520833	-0.304277111777112	1508.116495
P0AC41	19	12		818.857905928571	-0.184556799126425	1829.80093333333
P0AC44	5	3		815.175382291667	0.676875	1966.73999
P0AC55	16	6		667.77688	0.29966688110651	1335.55376
P0AC75	27	9		833.022872690476	0.296742410209902	1809.75304222222
P0AC98	7	3		1239.148045	0.726774691358025	2478.29609
P0ACB7	23	10		640.546866060606	-0.742243867243867	1248.72461
P0ACE0	21	12		798.965444675439	0.0721313033813034	1774.89034916667
P0ACJ0	20	10		746.756623055556	-0.0982648856990962	1415.223904
P0ACJ5	14	9		749.2048255	-0.0195147078336734	1558.78230333333
P0ACN2	13	6		869.930699285714	0.263244011320637	1735.24118166667
P0ACS9	22	13		750.102008809524	-0.0304083889966243	1524.99248923077
P0ACV0	25	9		941.609946410257	0.0252041894198757	2110.04946666667
P0ACV2	24	10		914.035638095238	0.0336057059555511	1963.153475
P0ACX0	8	4		1257.64609233333	1.5500728021978	2652.1845125
P0AD03	20	10		1007.17937488095	0.244734384630423	2241.256663
P0AD12	19	13		839.683614583333	-0.059310500427442	1719.70997769231
P0AD14	15	9		1110.60698319444	0.990840438074402	2430.38457111111
P0AD17	8	6		977.928420233333	0.458681509462759	2976.03178333333
P0AD19	14	5		1160.64151261905	0.956207792207792	2926.96516
P0AD27	18	9		1053.27241155556	0.520265722273924	2545.78559777778
P0AD30	13	6		952.688600833333	1.04624194032089	1905.37720166667
P0AD59	12	9		841.410527435898	0.125004409171076	1730.17876888889
P0AD65	28	13		702.490583020833	-0.14594988972817	1441.89148846154
P0AD68	29	12		697.875805416667	-0.0399642024642025	1480.759385
P0AD96	22	10		842.5369605	-0.190733343776107	1819.071888
P0AD99	11	3		819.286373333333	0.861688311688312	1638.57274666667
P0ADA5	16	7		1051.09354520833	0.0522170788004708	2357.48934285714
P0ADB1	10	5		943.849671145833	-0.00967061923583657	2056.189414
P0ADC6	21	12		880.861104166667	0.154883838713173	1761.72220833333
P0ADD2	9	5		1053.73767916667	0.686452081252081	2348.21493
P0ADD5	17	10		877.159790944445	0.0827518258186924	2206.422779
P0ADE4	28	14		708.504021372549	-0.311827837195484	1442.36865428571
P0ADI4	23	12		748.8259153125	-0.459017340910723	1671.6514175
P0ADK0	14	9		843.192746666667	-0.034137477016734	1900.73812666667
P0ADL1	11	7		1007.01367375	0.858212839791787	2170.72658857143
P0ADL3	13	7		874.654671409091	0.0766132079367373	2008.00631714286
P0ADM4	10	5		969.6875575	-0.168690476190476	1952.139462
P0ADM8	22	14		764.794637791667	-0.300770852108732	1570.92603571429
P0ADP2	16	10		655.97673875	0.00183437761069337	1504.449982
P0ADR0	9	3		1045.86679333333	1.19425366300366	2091.73358666667
P0ADR2	7	4		1211.11297966667	1.30818218240093	3177.927115
P0ADS6	23	10		712.05138974359	-0.148176665439823	1672.553744
P0ADS9	27	12		776.378818076923	-0.504810853863485	1536.58351916667
P0ADU5	12	6		560.342246666667	-0.499037166537167	1153.72608333333
P0ADV1	18	6		692.947770166667	-0.465975515712358	1592.7879
P0ADV7	22	13		730.667149555556	-0.459601733086683	1465.12063076923
P0ADV9	20	8		878.060083333333	-0.25765625	1785.274195
P0ADY1	21	14		811.222299642857	-0.376312900290733	1622.44459928571
P0ADZ7	10	4		947.49883375	0.641439393939394	2295.45699
P0AE14	20	13		788.827843611111	0.247595166271637	1764.38809153846
P0AE28	16	9		1025.87028672619	0.0975687743160861	2363.21673777778
P0AE34	13	6		853.572319375	0.493417755991285	1892.529375
P0AE45	15	10		1045.51071015152	0.340045668890496	2329.876233
P0AE74	14	7		772.843283571429	0.465933808127357	1545.68656714286
P0AE82	19	13		902.590083627451	-0.0345472561626409	1799.15609615385
P0AE91	19	7		829.825338240741	0.228336081907511	1633.39644571429
P0AE95	9	5		1034.07172097917	0.00205740267121348	2542.880614
P0AEA2	18	12		818.689159444444	-0.0683389921911594	1757.74463666667
P0AEA5	14	5		1228.36167690476	0.812490579909935	3246.51467
P0AEB2	19	11		795.393891833333	0.00715654569409508	1659.27731090909
P0AEC0	14	8		980.983848166667	0.620844516036079	2489.21149875
P0AEC3	26	13		752.448040333333	-0.0640803783111476	1659.54708923077
P0AED0	10	6		836.969418653846	0.0953476443672521	2275.477505
P0AEE1	16	9		841.365078	-0.0308101166877258	1724.74457111111
P0AEF8	11	6		1043.08995858333	0.824965272396047	2936.02753833333
P0AEG6	22	11		779.398325111111	-0.245365619229256	1816.44010090909
P0AEH1	20	8		822.514498181818	-0.322813412999609	1630.33107625
P0AEJ0	11	3		1374.09024	1.1941403424162	2748.18048
P0AEJ4	22	12		731.614058088235	0.115495456636761	1511.70532583333
P0AEK4	21	12		760.113253541667	0.260823356711515	1626.718475
P0AEK7	23	6		1033.458596	0.971247456247456	2830.15658
P0AEL0	18	8		933.149243055555	0.661804523091288	2391.76511625
P0AEL6	19	6		903.176509166667	-0.159339968310557	2291.360605
P0AEP3	15	9		976.954295222222	0.381373138385522	2404.89284555556
P0AEQ3	28	12		743.856380555555	0.155614818295739	1527.52163583333
P0AER0	9	6		1198.40902392857	0.803002505076733	2966.37594833333
P0AER3	14	8		873.960913125	0.558171233006759	1747.92182625
P0AER5	14	12		976.248107179487	0.799957010582011	2009.48770666667
P0AES9	11	3		1316.50345875	0.380868897348561	2860.79378333333
P0AET2	9	5		860.196288611111	-0.035024060906414	1785.673066
P0AEU0	23	11		858.751118194444	-0.0481257007994977	1740.42274090909
P0AEX3	13	5		954.418314333333	0.11541540812129	2164.507562
P0AEX9	29	13		739.664146904762	0.0866980413807039	1479.68382769231
P0AEY1	15	7		943.661491428572	0.743841616914324	1887.32298285714
P0AEY5	16	12		777.445709947917	-0.316034967283032	1629.86764583333
P0AEY8	16	4		1351.38557291667	0.837881626788646	3135.177705
P0AEZ3	25	11		640.476839545455	0.355556589874772	1280.95367909091
P0AEZ7	27	9		993.1346545	-0.217917891781355	2101.90952777778
P0AF20	22	14		757.635493583333	-0.0812953973762245	1575.87108214286
P0AF34	13	5		1297.48033	0.99775	2594.96066
P0AF40	9	3		1450.78437722222	1.31997150997151	3430.53142666667
P0AF56	19	9		899.68596224359	-0.293322955911191	1891.89470222222
P0AF70	7	3		977.788732916667	-0.276314010177574	2194.37193666667
P0AF80	5	4		1006.87737527778	0.48686955764542	2212.8683525
P0AF82	6	2		747.3272325	-1.42214285714286	1494.654465
P0AFA2	21	10		772.424353636364	0.43349591230026	1764.23837
P0AFB1	21	12		819.921424583333	-0.235963053265208	1897.00601083333
P0AFC3	13	6		1068.07875452381	0.515741064491064	2371.7067
P0AFC7	20	12		873.809327857143	-0.423944345523878	1662.04046166667
P0AFD1	13	8		882.531462864583	-0.354464370059765	2061.22873125
P0AFD4	12	7		953.2243334375	0.600504251593724	2391.64023428571
P0AFD6	22	12		651.975842857143	-0.446546462796463	1367.30972
P0AFE8	11	3		1421.37884041667	1.4178416821274	4014.79839333333
P0AFF0	9	6		1428.10949388889	1.07500179810839	3342.65046166667
P0AFG8	22	10		906.134928333333	-0.307849100354983	2003.976635
P0AFH8	26	8		840.159978125	-0.0953240304103791	1680.31995625
P0AFI2	19	10		962.686755611111	-0.183630386408136	2116.338375
P0AFI5	26	14		703.288809166667	-0.185810499024785	1490.89748214286
P0AFJ7	11	5		995.617598291667	0.488949850471589	2335.28657
P0AFK2	10	4		1022.07107875	0.195665584415584	2430.0097625
P0AFK4	16	8		1047.93936314815	0.926112987987988	2331.1699575
P0AFK6	15	5		1191.70335616667	0.661871825600639	3350.149488
P0AFK9	19	9		880.150193409091	-0.40769186885466	2113.67965333333
P0AFL6	21	13		796.679450555555	0.185854434491558	1693.77022230769
P0AFL9	17	8		758.394637037037	0.22152997002997	1564.90202
P0AFM2	17	8		1090.35424166667	-0.14980337457601	2638.4005525
P0AFP9	19	13		772.009281888889	-0.125243238410659	1754.24079846154
P0AFQ2	20	9		910.013281333333	0.314577294991088	1965.12975444444
P0AFQ5	7	5		989.4548959375	0.299505175983437	2577.113648
P0AFS9	20	11		850.895809940476	-0.228858501898783	1914.04255545455
P0AFU0	15	10		671.48444051282	0.139580203021379	1446.84792
P0AFV0	23	10		852.034276969697	-0.0511150820283947	1916.199168
P0AFV2	17	7		867.189489015151	0.727594037615046	2043.63151857143
P0AFV4	24	9		819.538552575758	-0.493355094726062	1558.08260777778
P0AFX9	22	6		756.261002142857	-0.327039821776664	1560.61378166667
P0AFY2	22	12		878.649813333333	0.336372929639059	1778.34323166667
P0AFY8	20	10		786.869708444444	-0.345924242424242	1663.930388
P0AFZ7	15	5		1267.07779033333	0.965371955233706	2880.128702
P0AG00	22	11		905.32049474359	-0.326557206904801	1805.50987545455
P0AG27	17	8		740.410099242424	0.337695824706694	1515.17651125
P0AG71	24	17		658.215767666667	-0.707107480333287	1313.06033411765
P0AG78	23	12		807.22366609375	-0.296929841672489	1690.27052583333
P0AG80	16	12		904.349596145833	-0.523776097091314	1966.20025166667
P0AG82	21	14		635.609745714286	-0.229634086151943	1271.21949142857
P0AG86	8	6		882.156636190476	-0.447695767195767	2162.69251166667
P0AG90	25	13		687.56094	-0.0230708723779992	1449.67101846154
P0AG93	14	9		1026.23671611111	0.233658348825262	2517.95913555556
P0AG99	6	5		1108.667081	0.232872007219833	2217.334162
P0AGA2	13	7		1051.36780925926	1.15459433773509	2094.88568285714
P0AGB0	23	12		762.412500897436	0.0722184075309075	1685.26503166667
P0AGB6	23	9		782.938605555556	-0.129756975051093	1565.87721111111
P0AGC0	11	6		899.733746547619	0.257786087369421	2228.31282166667
P0AGC3	25	13		675.055293095238	-0.459358494753892	1323.18578615385
P0AGD1	15	8		787.602334880952	-0.145577596618358	1800.52418625
P0AGD7	27	11		834.794881666667	0.0243577500930442	1739.70206545455
P0AGF6	24	9		787.602064455556	-0.389085198751865	1639.33501777778
P0AGH3	14	7		1056.13215638889	0.765972250911161	2735.58614285714
P0AGH5	13	7		1024.2734605	0.344162836305693	2343.80467142857
P0AGM0	17	7		769.310441166667	0.354568070818071	2128.90114
P0AGM5	20	13		923.516702380952	0.0169124635874519	1815.59443538462
P0AGM7	8	3		1379.58970929167	1.42507662835249	4428.83326
P0AGM9	10	5		1393.65800125	0.816936207779367	3479.231454
P0C066	23	11		891.890135277778	-0.168308300395257	1874.28927181818
P0C0L7	13	7		922.779740833333	0.375626948215183	2150.67137
P0C960	20	10		783.307897777778	-0.184973500184026	1673.443502
P0CB39	15	9		789.221976319444	0.177847478766064	1678.57225777778
P10121	16	6		1158.42014722222	-0.382159677159677	2813.18146166667
P10346	28	7		972.593369166666	-0.116922865920562	2229.96814714286
P10378	17	12		842.514465657895	-0.268316221424774	1947.46331166667
P10408	26	10		835.776196190476	-0.168732142857143	1783.688164
P10423	23	11		785.682813166667	-0.220365162318371	1785.88972090909
P10441	23	10		834.764450416666	0.140081614292141	1840.722638
P10905	11	6		1091.69815333333	0.63689241980317	2439.43770666667
P10906	11	8		975.4508955	0.856225950831214	2263.5552575
P10907	28	9		932.269711527778	-0.100906849969457	1898.28303666667
P11289	10	5		889.624701944444	-0.741848484848485	2128.774988
P11349	28	11		818.801978055556	-0.511087334382789	1768.16502272727
P11350	15	9		1000.62264611111	0.54069510373432	2546.75006888889
P11454	17	14		836.049221111111	-0.384761804074692	1818.045035
P12008	23	9		814.700833958333	-0.229464648202006	1866.68955333333
P12996	25	11		881.820617619048	-0.0205531673713493	1725.49145818182
P13033	15	9		906.984757607143	0.0264854548576657	2070.40077111111
P13518	22	11		792.628748076923	0.0792225988413672	1842.32217181818
P14376	27	9		932.917083833333	-0.0414960718294052	2009.21017666667
P15877	13	6		815.252671190476	-0.00642276257195618	1761.740475
P15993	9	5		1024.83926309524	0.353061870340973	2675.557354
P16095	17	11		937.661971041667	-0.0732869012707723	2005.05356909091
P16430	14	5		1039.527422	0.174768826575723	2079.054844
P16431	21	13		796.00027075	-0.238299755799756	1697.30671538462
P16676	25	13		740.192766388889	-0.112059397205835	1607.12947307692
P16677	27	11		801.329237627451	0.00405784168892127	1650.74947
P16678	22	12		746.720264166667	-0.373635038450828	1619.64347916667
P16679	24	11		708.571704558824	0.102722025449298	1603.36966545455
P16682	18	10		1003.87969217949	-0.207295577461754	2090.626357
P16700	23	14		727.044109509804	-0.25421564890324	1461.952045
P17334	12	6		709.205911666667	0.396840520590521	1418.41182333333
P17443	23	12		755.220897941177	0.197715562860912	1592.41439416667
P18200	10	4		1133.89368892857	0.554320164295393	4245.1433575
P18390	14	5		765.08917202381	-0.308123470732166	1600.406032
P18392	23	12		777.632810833333	-0.12068512980684	1833.01045666667
P18776	18	12		720.081395637255	-0.289536130901262	1620.15464583333
P18956	20	11		902.260037333333	-0.164250534270297	1809.17127818182
P19318	26	12		790.87184703125	-0.458944676559121	1731.21304083333
P19319	29	10		706.367746111111	-0.754141658779817	1593.750659
P21338	29	11		699.515459666667	-0.319566222644286	1458.16053727273
P21345	14	9		1026.7166277381	0.814027898027898	2153.59109888889
P21503	13	6		1218.6892175	0.885962190976105	2698.88795666667
P21889	33	12		694.450266444444	-0.104822208987263	1420.363555
P21893	20	12		815.951470147059	-0.20125849613941	1679.00811916667
P22525	12	8		1061.18066282051	-0.0447966587810338	2249.25785625
P22731	24	12		833.636863111111	-0.163130731922399	1668.59526916667
P23256	17	11		928.369075364583	-0.0546998736199363	2068.52365181818
P23524	16	10		897.7343865	-0.0534916234436359	1795.468773
P23830	30	13		761.913866111111	-0.400894060188178	1506.50055615385
P23837	19	11		942.779950666667	0.203200511609602	2108.35883090909
P23843	18	12		849.521081568628	-0.261149396014524	1800.23466
P23847	24	10		839.855106212121	-0.396921077552007	1619.499063
P23865	28	13		753.847761960784	-0.362892539309543	1554.68513076923
P23878	22	10		834.840245862745	-0.242575263504611	2050.931225
P23886	20	7		644.633825833333	0.00317460317460312	1318.41575714286
P23894	14	6		863.732793333333	0.0985800865800866	2213.78325833333
P23898	16	9		768.663771071429	-0.168514571847905	1584.67872222222
P23909	20	14		794.563303137255	-0.268888661985467	1638.08408857143
P23917	22	9		856.593850530303	-0.21470720961949	1723.37928
P23930	13	6		951.806709047619	0.619223722184248	1975.73747
P24177	11	9		961.233931481481	-0.192142889789949	2105.60257333333
P24205	25	9		970.642021488095	-0.0837804787804788	2099.9004
P24228	18	10		853.712701025641	-0.0229816859342031	1759.56321
P25522	21	12		762.328012692308	0.0403338930664512	1698.95329916667
P25527	9	5		1041.13677444444	0.491540812011577	2603.93564
P25534	14	10		882.111358325397	0.196360624517601	2234.612836
P25535	15	13		862.585285261905	-0.00728600234217342	1897.86528846154
P25714	14	10		1047.78239988095	-0.506323773448773	2315.636158
P25718	16	11		959.236779761905	-0.385976792202089	2170.78431454545
P25737	8	3		760.585875	0.670641025641025	1521.17175
P25743	16	8		1025.09919981481	1.06702947272026	2052.84674125
P25746	18	12		811.158217395834	0.285479334498657	1694.79469666667
P26365	23	9		871.651797222222	0.213698870767902	1895.00104888889
P26458	13	4		1093.70619805556	0.595625	2165.3720275
P26459	14	5		1179.68112690476	0.664676434676435	3025.148516
P26647	22	10		840.067285119048	0.613457048214943	1993.531098
P26648	18	11		807.176979102564	-0.119723171565277	1664.11611363636
P27278	24	13		806.154180958333	-0.0454769658446129	1681.05215692308
P27297	32	11		723.024274305556	-0.284601757100013	1441.62539363636
P27829	18	12		773.311517	0.203427144682659	1748.87928166667
P27844	11	6		842.018371785714	0.486702533577534	2261.035655
P27896	18	10		958.052361960784	0.0497374458874457	2212.854324
P28224	10	7		759.733517962963	-0.238102730602731	1575.22640428571
P28249	21	12		718.768379166667	-0.255137533137193	1538.79771333333
P28306	29	11		574.9174525	-0.128049349640259	1166.62253272727
P28635	23	11		871.777481282051	0.151960694104657	1827.22306545455
P28696	13	7		812.897618833333	-0.154936938878115	1695.97304142857
P29018	24	10		699.034711180556	0.2709400339083	1514.300661
P29217	24	13		789.836521190476	-0.0242341183720495	1537.37005230769
P30136	27	11		669.386962627451	-0.267850571731799	1403.98641909091
P30138	19	9		812.853712666667	-0.326497545664212	1856.85243
P30143	15	7		997.000605208333	0.449123369154425	2051.79375571429
P30750	20	11		865.1124040625	0.184001341795459	1852.04412818182
P30844	20	11		836.605362777778	0.184653704880977	1972.22366909091
P30845	16	5		874.970572777778	0.783104684788895	1807.791496
P30847	24	13		732.272207953704	-0.0823968079974946	1504.85258769231
P30859	23	12		840.401996282051	-0.294990455146705	1717.43354416667
P30864	24	14		731.015953472222	-0.215036373401035	1521.84890285714
P31069	13	10		1083.44605820513	0.987332881145666	2509.737914
P31119	25	12		743.991130294118	0.323132336073513	1654.69589916667
P31125	8	4		941.852514722222	1.33802083333333	2667.7100525
P31133	21	11		924.265177564102	-0.0378621619925969	1878.83813909091
P31134	25	10		751.637192083333	-0.00750688527159121	1929.358253
P31433	22	12		848.058504039216	-0.0716600684943077	1767.3996175
P31435	17	6		982.721846428571	-0.126587602212602	2198.73666333333
P31440	11	8		1039.10790666667	0.460442708333333	2126.84387125
P31462	16	8		1088.65596378788	0.803884629442195	2392.39575125
P31466	10	5		964.216047291667	0.667178270812047	2466.710182
P31474	12	6		1182.20335444444	0.766122900088417	2577.01570166667
P31545	23	10		963.886927722222	-0.249046610186672	1923.657929
P31553	10	3		972.068345416666	1.04550406020994	2613.72933333333
P31554	19	10		894.111601217949	-0.57513786359839	2179.458135
P31666	23	12		859.694732555555	-0.0904812362142926	1749.05639
P31679	17	8		1122.33461625	0.463535479236188	2244.6692325
P31979	26	12		704.143787916667	-0.27808458354511	1477.73450333333
P32108	7	5		874.128859055556	-0.00881469704999127	2421.453258
P32125	16	9		730.522835606061	0.100732939899607	1703.87555444444
P32129	24	10		806.172067708334	0.672105311355311	1946.032771
P32160	20	12		758.175421153846	-0.238110398860399	1568.87113083333
P32166	13	3		529.604876666667	-0.905345117845118	1117.23206
P32670	15	10		964.680697990741	0.00355933841834845	2268.830257
P32676	11	6		796.254194047619	0.258374375517918	1589.798825
P32681	22	10		966.475330145833	-0.49843350522027	2032.396116
P32687	18	9		822.972777121212	-0.519847683181016	1625.58488555556
P32689	21	10		961.476355454545	-0.586924792567799	2033.58155
P32700	4	2		841.70955	1.22638888888889	1683.4191
P32712	19	5		982.725730476191	-0.058114478114478	2019.411632
P32714	15	9		852.083570705128	-0.0551367589525484	2502.92157555556
P32715	15	9		890.624016111111	0.69430175196257	2009.40843333333
P33024	14	8		951.189530333333	1.12632155919341	2017.612065
P33136	28	16		654.846240701754	-0.166551084332334	1331.91056875
P33219	13	7		681.852430208333	-0.352124817538352	1419.12356428571
P33225	21	11		813.609353676471	-0.189175597130143	1806.62263454545
P33226	23	12		745.562107380952	-0.600587549705197	1641.44552666667
P33232	20	10		919.44932878125	0.147150777828409	1940.350539
P33358	21	12		844.555460416667	-0.188613940765893	1799.592415
P33360	22	12		863.121295268519	-0.132293794570969	1781.15678
P33362	20	13		756.344383095238	-0.269347864773846	1489.07581384615
P33363	25	13		771.671138645833	-0.0421026936921508	1578.77056846154
P33554	14	8		763.074828703704	-0.444763993316625	1478.72055125
P33590	20	14		698.87668622549	-0.399110905045779	1662.62111
P33591	19	7		862.604077142857	0.500651734377962	2112.99302571429
P33593	17	13		789.430052631579	0.242098234160024	1714.56937
P33594	27	9		732.526968522222	0.00688272783861015	1681.65297777778
P33599	22	14		754.455815833333	-0.299895908921782	1639.22669785714
P33602	19	7		1004.53543180556	-0.564277439557221	2799.82107857143
P33607	10	3		1319.30815125	1.19157635258617	2787.80163
P33650	18	11		838.481418589744	0.185952549007332	2019.12364909091
P33915	19	9		971.099167424242	-0.15604616800269	1958.98669222222
P33916	21	11		787.21561127451	0.150911588411588	1919.73147
P33927	11	8		1142.23528592593	0.707967376373626	2456.93023625
P33934	16	5		1115.35480277778	0.705676767676768	2521.135804
P33937	28	10		788.53849439394	-0.0237825673417779	1789.140135
P33940	21	12		848.155582948718	-0.228705738705739	1809.126915
P34749	20	10		978.267212111111	-0.111022874127976	2029.460423
P36548	30	11		662.343107611111	0.10975530708151	1365.07934909091
P36647	9	6		1166.71265547619	0.293955849219007	2392.179025
P36672	15	6		731.771823166667	0.0530092592592593	1488.302335
P36837	12	8		1118.955408	0.65553877179047	2718.542605
P36879	25	11		697.948255	0.0683627904603136	1402.72486636364
P36881	14	11		694.870957976191	-0.142546897546898	1376.57712454545
P36929	23	13		804.627655392157	0.0186197014816924	1697.33106384615
P37028	20	13		817.2745425	-0.144341593549738	1683.72453461538
P37146	22	11		853.289166410256	-0.263864415635515	1858.19787636364
P37177	26	7		832.007213333333	0.452072927072927	1582.81711714286
P37180	10	5		1172.3477937963	0.659421309872923	3046.79034
P37194	12	8		888.70763375	-0.188523779461279	1870.71727375
P37313	24	12		802.040233055556	-0.442534164210029	1713.94058
P37339	24	12		796.946724625	-0.0380436896981015	1647.54075833333
P37340	16	5		990.80889	0.408373684210526	2595.730406
P37387	24	9		910.395240166667	0.030929083388589	1866.93815222222
P37619	13	8		1079.67594416667	0.822248767436267	2829.72246875
P37624	22	11		852.084611111111	0.279066374801669	1742.79675909091
P37631	18	12		865.556209464286	0.16773613961114	1824.32906916667
P37636	18	12		873.781579102564	-0.184860584233156	1777.57242916667
P37637	9	5		981.594148	-0.0250250484809309	1963.188296
P37641	20	12		779.51047997619	0.00143385005517354	1785.07428416667
P37642	20	10		890.89925448718	-0.291199792960663	2149.934119
P37648	20	9		962.846033194445	-0.213589485049112	2264.14131888889
P37649	19	12		814.824293823529	0.406662657266105	1878.68785916667
P37651	24	14		774.846135	-0.172741557734205	1549.69227
P37652	15	8		916.341770227273	-0.0556238755117431	1935.5990325
P37660	14	10		1106.29208291667	0.739856460397779	2395.546524
P37661	20	8		930.651813703704	0.955009757399463	1972.5776675
P37690	29	14		712.804992401961	-0.470484693877551	1387.63447428571
P37691	19	10		753.44390727193	-0.123539551842183	1881.645934
P37758	12	5		912.044429166667	0.0295846153846154	1967.605622
P37767	24	12		817.884290777778	0.128227493197655	1634.66658416667
P37908	24	10		917.176219333333	0.523701224701225	1963.852632
P38054	17	11		891.989419545455	-0.0386684922821287	1783.97883909091
P38055	20	9		980.233666666667	0.39437881449285	1960.46733333333
P38135	17	10		955.059601369048	0.227297410192147	2151.805541
P38506	20	11		813.964734074074	0.096624840337759	1907.03543363636
P38683	19	14		811.98730912037	0.0642124938553509	1702.43918214286
P39165	18	11		980.158718111111	-0.59608802680573	2098.35360454545
P39176	17	10		967.659104861111	-0.0664445226396126	2161.193106
P39187	20	7		779.380473958333	0.106627970028591	1539.22245
P39276	12	5		1205.81237702381	0.611560846560847	3794.345374
P39285	24	12		862.174954230769	-0.850501639753398	1732.86374916667
P39301	11	6		1110.09706495238	0.264705683205683	3169.41285333333
P39314	15	6		1350.18580357143	1.04323026212139	3065.11078833333
P39321	17	14		839.416208703704	0.0496901961124008	1685.67126285714
P39325	25	10		859.351075972222	0.255858836261777	1744.285609
P39342	21	13		817.054121111111	0.220170786463537	1627.3815
P39405	18	14		810.107422394737	-0.287056659027247	1809.98157714286
P39453	19	15		809.470195	-0.32991602674018	1618.94039
P39836	12	5		1068.83051509259	0.719090909090909	2420.895912
P40710	20	11		891.164604711111	-0.224235071148947	1868.15436
P40719	22	12		842.13840515625	-0.22240260531379	1862.42961166667
P40874	20	15		744.137492795454	-0.163829193899782	1553.894618
P41052	18	10		973.250594305555	-0.22993561679231	2186.076817
P42588	23	13		662.508231111111	-0.0410471956399559	1564.93391153846
P42590	11	2		1031.26643	0.347628458498024	2062.53286
P42591	18	10		898.475824285714	-0.491253154253154	1999.426127
P42592	23	11		811.2929046875	-0.721225949332901	1805.96446
P42598	27	12		709.628286715686	0.110187384782973	1539.69655833333
P42601	12	8		936.557319318182	0.602478632478632	2157.749345
P42603	16	6		1103.92893194444	0.808388660339849	2668.876485
P42604	19	12		876.818867105263	-0.283495338995813	1813.2961225
P42616	19	5		611.800846	-0.602141131815045	1223.601692
P42640	17	8		970.255371	1.09738099551415	1971.5688325
P42911	18	7		888.049102083333	-0.0254985711962457	2013.01643571429
P43337	14	9		752.808137916667	0.112257575757576	1560.59502777778
P43341	20	10		832.902132781574	0.142072871572872	2041.126206
P43531	13	9		881.050280166667	0.181246696984683	1885.40186222222
P43667	9	5		1019.66278861111	0.799723039215686	2015.89403
P43671	24	10		856.989025384615	-0.200729936729937	1889.161592
P43674	20	11		911.354162440476	0.0394664399927558	1909.37365636364
P45395	18	10		771.027627604167	0.288600236646383	2063.024387
P45463	21	17		709.103395144928	-0.170902194211018	1463.97573117647
P45468	15	8		963.518027222222	0.46529947123777	2220.4047225
P45537	16	11		816.382931875	0.312168477898143	1718.53685272727
P45565	23	9		763.151596388889	0.0804964891076001	1721.42484555556
P45751	11	7		976.521975530303	-0.102672731262593	2103.60373
P45753	24	14		655.984731491228	-0.132697381983096	1384.41827071429
P45767	17	10		1014.33620638889	0.712317464595809	2057.21039
P45768	18	9		854.120603782051	0.643227991144658	2014.51428
P45769	21	13		816.602595972222	-0.256837466203982	1644.12372384615
P45800	14	8		976.37925575	-0.38558739252123	2596.4252025
P46022	23	13		779.258628541667	0.0692370129870129	1604.28258307692
P46118	21	11		818.051652395833	0.0857810490944462	1733.77384818182
P46126	8	5		967.152986481481	-0.0770987179487179	2234.84654
P46130	11	6		1074.18146666667	-0.211181732580038	2972.78179
P46136	11	3		1361.8339175	1.30744379276637	3728.36131
P46139	19	8		884.221340555556	-0.104240557456283	1917.863565
P46142	28	9		715.681538333333	-0.357599434409779	1431.36307666667
P46478	3	1		1211.28168	1.04193548387097	3633.84504
P46482	24	11		885.508886410256	0.0180664703222862	1783.28326727273
P46889	10	4		901.825983333334	-1.00828502415459	1904.8268
P50456	22	14		721.966948412699	0.11292872332346	1603.54646428571
P50466	22	8		858.72154	0.0417079868231183	2392.56681625
P52005	24	12		845.023983894737	-0.242552092563057	1701.71372
P52107	9	5		719.289854444444	-0.307130434782609	1390.126228
P52599	24	12		534.814213333333	-0.431912578162578	1069.62842666667
P52636	19	9		1036.26468722222	0.629545030133265	2268.65007111111
P60061	10	4		1026.79470625	0.550104166666667	2053.5894125
P60560	20	9		952.468254807692	0.0476365486365487	2272.43652111111
P60752	19	10		885.135006944444	0.299253824606766	1778.611218
P60778	13	1		1404.715165	1.552	2809.43033
P60782	15	6		821.620986388889	0.27128036437247	1874.47343166667
P60785	22	8		760.232014	-0.188769841269841	1542.4955325
P60869	16	9		910.618993666667	0.281499278231759	1895.01361777778
P60932	12	9		998.67022022549	0.7340982770937	2504.97455222222
P60955	12	11		1076.99905833333	0.388247269865997	2336.38512818182
P61316	17	12		789.757062	-0.477506531723637	1668.30603333333
P61320	24	16		657.0099465625	-0.830135798637637	1314.019893125
P61889	18	10		927.59023439394	0.543950292397661	1953.25184
P62395	15	6		928.559153409091	-0.185004276637341	2387.21655833333
P62517	27	7		682.769291666667	-0.844579061289587	1441.98592
P63183	12	7		990.384298796296	0.886490444670896	2056.95085428571
P63340	13	7		767.061064166667	0.313035612741337	1841.52948285714
P63386	19	10		896.391482916667	0.416160597572362	2044.327215
P63389	20	12		741.858276296296	0.0848027648443249	1561.96583833333
P63883	26	13		733.0335346875	-0.171811564503872	1511.54730076923
P64426	21	12		858.6745540625	-0.0681282110132729	1765.31860583333
P64439	10	5		1010.98714796296	1.0479652173913	2499.894882
P64481	16	8		907.302628525641	0.539243919457735	2326.33574125
P64515	10	6		949.226231875	0.645753968253968	2257.30496833333
P64548	13	7		813.868510833333	0.621572871572871	1566.69147714286
P64550	12	4		815.40265625	0.247371031746032	1969.7080625
P64590	12	3		1039.04827666667	0.565428571428572	2078.09655333333
P64604	15	11		780.927759027778	0.0182351026224544	1612.82772090909
P64606	15	9		766.586013181818	0.703011560060105	1649.53243
P65298	11	4		793.9080725	0.0802710333145116	1587.816145
P66948	15	9		959.537188397436	-0.259863380347251	1987.09762444444
P67153	11	7		1174.83092715	1.19155793086465	3132.98107285714
P67244	14	4		881.9561425	1.16838768115942	1923.3045675
P67444	8	6		1248.21121291667	1.13686202686203	3578.71958833333
P67553	22	10		895.269836736111	-0.525073722754007	1773.739689
P67601	15	6		1019.097345	0.453165380371263	2315.57047333333
P67662	21	13		839.491756666667	0.0724896364319441	1670.60660461538
P68183	15	9		1094.4878325	0.683167927731547	2305.21843666667
P68187	23	11		816.765666519608	0.154753226829488	1768.26019545455
P68644	20	11		754.408988653846	0.192392153301244	1536.96384181818
P69054	9	4		727.356825	0.38094040247678	1745.65638
P69380	13	8		815.515090069444	-0.117290226548877	1699.9698325
P69423	7	4		1124.03963733333	0.925501336898396	2778.0113325
P69425	15	10		791.125162435897	-0.405539724980901	1545.879781
P69451	23	13		807.144649019608	0.0608334162067194	1643.83561615385
P69490	16	8		788.370553703704	-0.373584934540098	1652.447375
P69739	16	9		958.75216	0.051872311799848	2016.77000666667
P69783	16	8		885.074763939394	0.121655517614569	1825.9413625
P69786	11	5		936.459035416667	0.367162464222434	1969.609724
P69791	12	8		680.002045555555	-0.0869742716165414	1495.86558625
P69801	6	3		1041.30419819444	0.616666666666667	3010.90168666667
P69805	18	12		817.260042380952	-0.0912404354904355	1807.16684083333
P69829	15	6		637.04817125	0.0634875541125541	1395.74354333333
P69853	13	9		825.618091538462	-0.104512366323961	1718.41718444444
P69874	24	11		814.763966555556	-0.271798996458087	1703.40762272727
P69902	22	9		978.458399653846	-0.0802413040844413	2123.26255444444
P69924	21	14		845.448654605263	-0.202087787404608	1680.75465
P69931	23	12		644.611295952381	-0.186233751569117	1467.57276333333
P75728	14	9		951.479946794872	0.154472492375158	2342.61569222222
P75733	21	7		850.583977083333	-0.506327803432586	2154.40950857143
P75734	12	7		693.191781875	-0.397636724386724	1444.27932714286
P75742	13	5		1184.39966321429	0.630635854341737	2719.791118
P75780	20	10		730.6029375	-0.348323875307699	1461.205875
P75785	19	5		814.437147222222	-0.187633882246785	1788.6937
P75796	20	13		822.905558095238	-0.0574720578566733	1710.77552692308
P75797	24	11		884.285770384615	-0.135461134824771	1823.81101363636
P75799	17	7		813.0093045	0.117736715898481	1925.54898285714
P75801	21	11		916.064875833333	0.278472671222072	1965.44122272727
P75804	21	9		929.380414166667	-0.160078563411897	1948.42556888889
P75806	11	7		1085.78132821642	0.813429671966538	2944.10846714286
P75820	21	13		766.401989625	-0.26705284007094	1696.70899384615
P75822	21	11		821.589813754386	0.119110835110835	1953.09422272727
P75828	27	12		772.479544473684	-0.345128683068177	1699.41222083333
P75829	24	13		773.229529583334	-0.0878537813962916	1618.57230769231
P75830	22	11		745.993975138889	-0.144610601816484	1446.31018272727
P75839	24	11		730.132769761905	0.176354713866676	1529.13408
P75853	20	9		938.644150333333	0.0552631935965268	2112.86012333333
P75870	15	7		1083.065379375	0.283026921079044	2575.31635857143
P75916	10	4		1098.63338458333	0.989356275843671	2618.665675
P75920	18	9		959.509743430555	0.27419394200402	2185.35688111111
P75946	9	6		860.158894166667	-0.174052499787794	2121.06535
P75948	23	11		844.470322539682	-0.373025585525586	1926.24287636364
P75954	21	11		862.118140777778	0.113676509836384	1848.87078181818
P75957	22	8		966.685834404762	-0.000295524192582955	2121.8211275
P76001	12	2		938.4405125	-0.710846560846561	1876.881025
P76010	21	12		735.648023235294	-0.144681605159546	1519.27972083333
P76027	20	13		771.201807647059	0.143386496446697	1728.33178307692
P76135	21	12		823.672091127451	-0.0238870409274821	1790.882885
P76169	7	4		1287.19401266667	1.254625	2684.68224
P76176	17	7		1045.5143965	-0.191502880535027	2869.53398285714
P76182	11	3		576.5437175	-0.253787878787879	1254.64757333333
P76193	20	8		1005.05741791667	-0.0287772082190587	2349.23650625
P76198	10	4		880.975049583333	1.18989112594376	2103.1267225
P76206	18	9		1036.09661969697	-0.297376253339661	2323.19833888889
P76208	14	4		895.744625833333	0.535833333333333	2132.9272025
P76214	19	11		758.749726730769	0.00133838383838377	1549.02413636364
P76221	16	6		845.686889285714	0.603443223443223	1642.52180166667
P76222	18	11		739.320971130952	0.225651436798496	1551.15935727273
P76236	14	10		929.887901458333	0.621147846406467	2037.193177
P76249	15	8		700.499225625	0.635985081728616	1400.99845125
P76261	19	6		1042.73220425926	0.480584563260002	2285.20153166667
P76264	10	8		842.445681166667	0.38715100931677	1700.13931125
P76269	13	6		988.6218425	0.770950701345438	1977.243685
P76272	22	10		928.516758333333	-0.110418213852424	1930.360846
P76278	13	6		1095.01422774242	0.954102621742276	2688.43782
P76339	22	13		801.133539444444	0.0371042812759454	1682.73437615385
P76341	12	5		978.894530648148	-0.431994596420128	2499.074218
P76343	20	7		1103.28353135714	0.823466971849063	2537.27328857143
P76344	21	10		837.734821021164	-0.565494255260244	1946.813468
P76346	14	7		1122.73344018519	0.271484355715013	3301.36254285714
P76350	11	6		1102.90920802083	0.327805884383164	2594.64161
P76373	23	14		778.6768078125	-0.0123203747055196	1557.71466642857
P76389	15	6		666.768380833333	0.205645743145743	1333.53676166667
P76393	18	11		885.852420758333	0.113114782504317	2088.12440727273
P76397	23	11		830.5981425	0.0244810089627695	1696.51745272727
P76398	12	7		921.606007592593	0.271435507536348	1909.00678142857
P76421	26	10		838.471823944445	-0.0622837030835383	1859.826064
P76445	17	10		965.772416666667	0.984752747252747	2257.917908
P76446	20	11		948.003752948718	0.304321742230833	1898.42765363636
P76462	16	7		1090.61368166667	-0.277753034003034	2947.70692428571
P76463	19	13		856.782499901961	-0.121726209993473	1807.37137615385
P76466	18	10		862.544654294872	-0.370778152026501	1959.05666
P76473	17	8		1049.9901125	0.795770697167756	2203.92787125
P76502	9	4		688.995366944444	0.560732142857143	1321.154855
P76506	17	13		874.916066875	-0.340159679952519	1889.99276307692
P76518	18	12		900.546314768518	-0.135967261904762	1915.935405
P76537	19	7		805.277765625	-0.414689330277566	1661.50788428571
P76552	10	3		803.904233333333	0.809090909090909	1607.80846666667
P76559	22	14		751.868307888889	-0.108410788557847	1539.06446214286
P76576	21	10		766.749765833333	-0.22404200864495	1575.872908
P76577	26	14		684.166407395833	-0.0558532340675198	1432.16624071429
P76578	25	12		653.082714230769	-0.155198112073112	1306.7350975
P76586	20	10		959.308546363636	-0.196082183834472	2172.972192
P76630	13	4		931.341705	0.281872009569378	1862.68341
P77173	13	5		1108.19971093056	-0.373684174360188	4370.970706
P77202	23	14		703.926139351852	-0.337322122322122	1498.89084785714
P77214	9	4		931.872100875	-0.0128707184628237	2433.9786925
P77223	11	10		960.636155277778	0.268688842920979	2015.267023
P77239	24	11		841.831859090909	-0.051739667885913	1683.66371818182
P77265	21	10		720.2110635	0.000308022308022254	1576.530668
P77269	22	12		784.769241666667	0.17598509183455	1569.53848333333
P77279	21	14		786.409012352941	-0.285198848770277	1606.74122428571
P77280	19	12		822.480930175439	0.30953476257864	1769.87834166667
P77285	16	9		748.320895128205	-0.225981219073324	1833.46824666667
P77304	14	9		1059.90830333333	0.375131505270628	2472.46745666667
P77328	10	7		1182.539795625	0.888489843489843	2593.21125857143
P77338	21	12		838.932178690476	-0.331287290441508	1716.77427416667
P77360	18	12		848.336230555556	0.0618672942661913	1856.2336375
P77444	17	12		897.549061575758	0.099479492658822	1913.12829416667
P77473	16	7		1038.96046991667	-0.0789175813871051	3151.71087
P77499	22	14		732.636873377193	-0.289565310641176	1573.2777
P77509	21	11		820.517537051282	0.247288404641379	1719.96346636364
P77510	26	14		696.634761222222	-0.0588092066663496	1425.01092428571
P77522	21	11		790.150448630952	-0.334869760518428	1642.61270181818
P77538	18	10		964.649587416667	0.129408735930113	2230.022875
P77539	21	10		899.492058214286	0.236563692886061	1925.318011
P77579	13	7		901.134942916667	0.754982790770267	1875.83935714286
P77689	19	10		880.786049833333	0.233456495796086	2090.64928
P77726	18	9		827.776154583333	-0.115737509728738	1753.99714
P77737	16	13		878.287794958334	-0.245588369129873	1925.47665
P77756	21	11		759.0437815	-0.115004085961024	1783.41874818182
P77757	21	12		707.679473555556	-1.04975329784153	1551.857765
P77774	22	10		878.96297224359	-0.0671670274170274	1910.875608
P77804	14	8		1066.58247534432	-0.153650087218636	2850.16722625
P78067	22	12		844.501727261905	-0.630763888888889	1813.82364333333
Q46755	17	8		785.895189375	-0.138535830999066	1571.79037875
Q46808	17	11		836.768122314815	0.238396700340043	1836.20087454545
Q46821	13	8		931.772321212121	-0.102054394801105	2224.44505
Q46824	26	12		809.491378333333	-0.210782719602379	1775.17274666667
Q46845	21	12		778.718008842593	-0.39563647001147	1613.36592916667
Q46858	22	12		752.291487892157	-0.151107520780845	1738.66544666667
Q46916	9	6		804.162898333333	-0.591119528619529	1808.89862166667
Q46927	18	13		832.763052824074	-0.113401607726507	1767.92350538462
Q47142	18	10		906.763650595238	0.0625622059100318	1814.103171
Q47146	22	13		678.266586960784	-0.133969774820454	1422.99421461538
Q47151	21	9		715.115199217949	-0.474975765381467	1603.54797777778
Q47622	21	12		714.682147222222	-0.11045736845365	1507.8384725
Q47702	25	12		714.234450641026	-0.291592972439747	1464.6377725
Q47710	22	12		640.553194607843	-0.116793931830697	1407.26226833333
A5A616	2	1		1287.7413	1.31071428571429	3090.57912
A5A619	6	3		726.84614125	0.394047619047619	1622.52849666667
A5A628	9	4		912.217084333334	-0.356691919191919	1812.1319675
A5A630	5	1		401.21327	0.328571428571429	802.42654
C1P5Z9	5	1		931.02144	1.95	1862.04288
C1P614	4	2		932.99197	1.01111111111111	1865.98394
O32528	9	5		881.552921	0.00978353998387955	1763.105842
P00634	20	16		712.925018	-0.262350917382678	1432.5961125
P00909	23	13		774.3375828125	-0.230727092895301	1580.00356076923
P02919	30	11		752.298482820513	-0.21997766321929	1527.37324727273
P02921	14	7		866.886062407407	0.502586302586303	1829.94728571429
P02929	21	9		656.020889583333	-0.619069476275359	1317.01334111111
P03004	20	12		845.815034285714	-0.159636975343497	1806.4789475
P03819	14	8		1069.06334583333	0.976691997071029	2163.04452625
P03825	13	7		760.53826125	0.0672802197802197	1440.88046857143
P03841	15	5		602.520978	-0.240974358974359	1205.041956
P03960	18	5		752.978961	-0.0747380952380953	1505.957922
P04846	20	9		968.786823119048	-0.0106069601753746	2154.08820777778
P05704	23	16		750.227972938597	-0.249624066905317	1493.139661875
P05706	9	7		801.623234722222	0.040508658008658	1812.04561142857
P05825	22	9		814.532980833334	-0.533233043759359	2062.89025222222
P06609	13	5		999.478735	0.592216736328805	2249.353922
P06959	16	10		901.7026635	0.23661395113601	1803.405327
P07024	19	10		907.809760244444	-0.152494453259159	2107.942819
P07117	15	5		960.485225555556	0.456008771929824	2008.6253
P08194	15	9		768.443634318182	0.135962401795735	2027.67436666667
P08369	18	11		943.436776333333	-0.101116068001799	1936.98951909091
P08372	10	6		826.413425833333	-0.524871145776318	1652.82685166667
P08555	15	6		1047.95864141667	0.95644483390173	2741.15927666667
P08722	14	5		1031.89048714286	0.312383808095952	2485.687542
P09127	20	13		760.355082307692	-0.154900369356891	1520.71016461538
P09323	11	7		1094.92441453704	0.86570776856087	2593.23721857143
P09551	23	12		804.640606666667	0.0441103411981895	1624.22057333333
P09835	13	7		1276.43658925	0.956272147317746	3483.88920428572
P0A698	27	11		780.396154277778	0.157156454656455	1546.70043909091
P0A6A8	5	3		588.968033333333	-0.0596560846560847	1177.93606666667
P0A6E6	10	5		1013.01494506944	-0.370332374135513	2462.009154
P0A6M2	12	7		949.670019444444	0.455634920634921	2052.74901428571
P0A6S5	10	6		782.859119523809	-0.785925925925926	1637.80592
P0A6U3	25	10		888.991809615384	0.206987061597406	1838.815041
P0A6W3	14	8		695.60568537037	0.452483141858142	1453.63426125
P0A710	15	7		1029.537709375	0.66438097616669	2070.40978714286
P0A712	11	6		951.826047142857	0.978142306288858	2186.12748166667
P0A742	14	6		816.109553055555	0.648178811928812	1848.830705
P0A7A2	17	13		756.705219814815	-0.365330162547357	1658.58516461538
P0A7A7	31	12		714.979014444444	0.0443086620169952	1404.30931833333
P0A7C8	10	8		860.902279166667	0.74366707607808	1878.78655125
P0A7G6	22	12		794.347673571428	0.160881534043299	1650.16048166667
P0A830	13	6		1084.86042928571	1.04524426172292	2661.74706833333
P0A843	9	5		551.191416	0.342363636363636	1102.382832
P0A8D9	15	5		785.708746666667	-0.15032380952381	1529.78358
P0A8G6	14	10		892.445974166667	-0.132571058726521	1919.744354
P0A8H3	8	3		1082.61706166667	0.365908464295561	3562.25550666667
P0A8K1	22	9		802.730283809524	0.0953092278092278	1698.98355777778
P0A8K8	18	8		1016.82191537037	0.638204528807343	2125.76510875
P0A8Q0	11	5		775.380578055556	0.182339572192513	1898.013278
P0A8Q3	7	4		656.547447	0.258273915626857	1298.6784125
P0A903	18	13		789.170532604167	-0.404683881649826	1759.34181692308
P0A905	9	6		1017.32363916667	0.181766862170088	2299.50608833333
P0A910	17	11		957.414913333333	-0.205154629342918	2003.88692545455
P0A915	13	9		1018.84244202381	-0.058788093104285	2425.61936333333
P0A9A6	17	11		819.277304666667	0.280899560321	1777.00084181818
P0A9M8	22	14		729.605005462963	-0.204881743515284	1578.16849214286
P0A9T8	19	11		843.133387631579	-0.068691182554819	1850.22106909091
P0AA57	10	3		998.229984928572	-0.0335389610389611	3243.99476666667
P0AA60	12	6		954.302037380952	0.686031746031746	1860.49824833333
P0AA67	10	4		1037.14498666667	1.27527976190476	3083.2435425
P0AA70	12	5		1194.561539	1.42649402628435	2943.636494
P0AA76	16	9		833.877471527778	0.220552451663563	1884.17151222222
P0AA78	17	6		866.022925833333	0.743796296296296	1732.04585166667
P0AA80	15	8		650.551418703704	0.140079365079365	1333.68122125
P0AA86	16	7		794.296437166667	-0.243127705627706	1936.58088714286
P0AAA5	5	2		888.1737975	-0.398641304347826	1776.347595
P0AAA7	13	9		907.469792575757	0.831311404644738	1923.96116333333
P0AAA9	11	6		899.790099259259	-0.357992281840966	2102.13531333333
P0AAD4	10	2		913.538050625	1.50994397759104	3234.319635
P0AAE2	13	4		899.614975	0.762407200642495	1955.7340075
P0AAF1	9	3		1162.59317833333	0.764857142857143	2325.18635666667
P0AAG0	20	10		747.335908166666	0.161136273209549	1681.872193
P0AAG8	25	15		676.240685526316	-0.017035175608705	1418.23480666667
P0AAI1	21	11		823.921906470588	0.238109897542588	1833.33628727273
P0AAI3	26	9		792.508439444444	0.0107650579872802	1585.01687888889
P0AAJ3	23	13		658.042685096491	-0.169002297747237	1347.84854615385
P0AAR5	13	5		755.81197	0.835454545454545	1511.62394
P0AAR8	13	7		715.290776574074	-0.495767377463806	1323.37553142857
P0AAS3	10	3		972.074621333334	-0.466666666666667	1912.29767666667
P0AAU2	9	4		684.441349666667	-0.0255006105006105	1455.4862475
P0AAV6	10	2		974.42339	-0.986309523809524	2554.600325
P0AAW5	12	5		1154.29620785714	1.04195555555556	2469.75461
P0AAX3	6	4		989.49909	0.414112487100103	1978.99818
P0AB01	18	11		925.864746923077	0.244948514982471	1943.67355272727
P0AB31	5	3		1124.47910266667	0.501904761904762	2523.64662666667
P0AB35	20	8		869.648267222222	-0.255777245773376	1789.28609875
P0AB49	8	2		476.7171325	-0.745	953.434265
P0AB93	11	4		1192.24610733333	1.01102564102564	3346.5701
P0ABA0	19	10		646.979529	-0.137402977457325	1293.959058
P0ABA4	17	7		706.392123333333	0.393916519987949	1552.21598857143
P0ABB0	22	15		735.049595740741	0.288751363451363	1460.54775733333
P0ABC0	10	7		920.885189285714	1.1838171818435	1841.77037857143
P0ABC9	13	8		796.389666041667	0.403279409882232	1744.89143875
P0ABE5	15	6		1007.68879952083	0.555548639370791	2662.059685
P0ABG4	21	11		856.212570757576	0.768351180410004	1844.29087454545
P0ABG7	15	10		892.543530972222	0.557259768009768	1908.114932
P0ABK2	13	5		1174.011417	0.805887838338895	3013.161074
P0ABL1	17	11		730.396944	-0.70863231812811	1688.33706636364
P0ABL8	11	3		1199.00874722222	0.984291666666667	2798.23925333333
P0ABM1	13	8		1104.045948125	0.66445331181253	2450.66938375
P0ABM5	7	1		1457.61417958333	1.2	4997.53433
P0ABN1	10	6		893.868718809524	0.570850327879313	1947.184385
P0ABN5	13	6		939.639924583333	0.47244301994302	2936.60683
P0ABN9	14	7		1038.99899145833	0.458813721495858	2676.76184
P0ABP3	11	6		1031.86490648148	0.774750630494732	2199.80225166667
P0ABP6	15	5		785.937029166667	0.150833333333333	1929.618532
P0ABW5	7	1		962.939775	-0.0850000000000001	1925.87955
P0ABZ6	20	10		760.3809265	-0.267689267254485	1520.761853
P0AC47	20	10		938.537171555556	-0.255852669065169	2096.086906
P0AC78	10	4		1188.06228633333	0.9779375	2749.458255
P0AC94	11	5		919.166518666667	0.978020202020202	2263.436424
P0AC96	13	7		943.37384	0.820186014909396	2153.72410857143
P0ACA1	19	10		753.847319166667	0.189357644806174	1581.518852
P0ACD8	20	14		769.195943614035	-0.0664542215487594	1645.16553214286
P0ACS7	23	12		838.624611990741	0.0588317652329748	1789.96178
P0ACU0	20	11		856.234903258333	-0.218242704265432	1905.49163545455
P0ACV4	9	2		1067.62526888889	0.953846153846154	2491.84381
P0ACW4	6	3		711.681783333333	0.458014354066986	1423.36356666667
P0ACY6	7	6		1059.16502	1.31809973337063	2534.62524
P0AD42	20	8		863.887340454545	0.191233766233766	1785.66795375
P0AD44	22	12		828.782652236842	-0.643858629293412	1762.79420666667
P0AD47	5	4		1040.66610406667	1.39162077773944	3620.9318875
P0ADA1	18	13		752.934693277778	-0.108817442117037	1597.87630615385
P0ADA3	11	4		642.56336	-0.584496753246753	1285.12672
P0ADA7	4	2		1334.915125	0.851363636363637	2856.471435
P0ADB7	4	2		1002.765555	0.600717703349282	2005.53111
P0ADC1	23	9		766.234434333333	-0.278392255892256	1526.1999
P0ADC3	21	12		932.597462820513	0.103810495201215	1822.35865166667
P0ADG7	28	7		939.171292575758	0.327720839531985	2114.09440428571
P0ADI9	10	4		1211.411936	1.12867840588092	3852.27339
P0ADJ5	9	3		803.610028333334	0.55059015059015	1607.22005666667
P0ADJ8	10	3		823.431315	0.40921052631579	1646.86263
P0ADK4	6	3		979.502316955357	0.389507154213036	3470.47939
P0ADL6	11	6		938.797095263889	0.525728049840626	2011.40866166667
P0ADM0	12	5		748.792922	0.300438095238095	1497.585844
P0ADM6	21	9		783.646627986111	-0.309833135274312	1664.35137444444
P0ADN6	7	3		801.169376666667	-0.108725490196078	1662.21166666667
P0ADP5	11	7		1250.65824833333	1.16556221556222	2981.71789571429
P0ADQ2	21	13		776.75730381746	-0.327284610814023	1675.36026
P0ADQ7	14	4		870.331963888889	-0.251609848484849	1964.68087
P0ADT8	23	13		754.629163888889	-0.392659174296891	1457.90929769231
P0ADW3	15	9		704.858298	-0.559684714341577	1453.70863555556
P0ADX7	11	7		793.175881851852	-1.31241452991453	1640.93086571429
P0AE06	21	10		785.818035757576	0.0134289120702164	1627.338768
P0AE16	15	11		854.496454545455	0.445647505099377	1708.99290909091
P0AE22	20	11		928.671575059524	-0.405834645152827	1971.51534727273
P0AE24	18	8		1251.3048725	0.858881766381766	2670.6575225
P0AE26	13	5		601.118696	0.463217948717949	1202.237392
P0AE30	12	8		990.651661481481	0.811978164454187	1965.5519725
P0AE42	4	2		1228.82392444444	1.61958333333333	2543.50314
P0AE85	19	9		690.509612261905	-0.740744631185808	1575.76360222222
P0AE88	22	10		824.912745256411	-0.286238125909179	1959.984659
P0AE98	8	5		1062.86117805556	-0.282232885954625	2499.4279
P0AEB0	11	8		920.046666666667	0.558705383457539	2174.79534625
P0AEC5	22	12		838.785127	-0.0816175618971672	1722.0357225
P0AEE3	15	12		853.592974222222	0.148211420089504	1874.8984675
P0AEG1	14	7		969.651956851852	0.302448830409357	2228.61286428571
P0AEH5	11	5		843.175861785715	-0.734622082897945	1657.00994
P0AEN4	14	7		696.397763541667	-0.289499646012251	1477.47340142857
P0AEP1	17	4		1480.176375	1.21465193965517	2960.35275
P0AEQ6	17	12		906.792637179487	0.939992323391923	1845.763605
P0AER8	12	9		1059.83140930556	0.863448872115539	2503.12063222222
P0AET5	12	4		921.489112333333	0.759054487179487	1798.9517625
P0AEU3	16	11		1028.55206077381	0.701405655854592	2162.3351
P0AEU7	22	7		742.015043571429	-0.200619047619048	1484.03008714286
P0AEW1	13	8		992.530991944444	0.905264136246895	2204.08539125
P0AEX7	11	4		1026.96222416667	0.494022658192871	2487.8184925
P0AF16	17	7		779.552843571429	0.853965281794229	1559.10568714286
P0AF32	14	9		949.942137102564	0.456349621330013	2174.44093333333
P0AF36	10	4		752.093751333333	-1.10830409356725	1588.264485
P0AF43	11	2		1012.46454604167	1.67840909090909	2617.51847
P0AF52	11	5		1210.70071178571	1.03484728175051	2682.08119
P0AF54	8	5		651.231739	-0.430692640692641	1302.463478
P0AF73	5	3		1021.381045	0.99259943977591	2042.76209
P0AF86	5	4		1007.88764895833	-0.259970238095238	2418.9303575
P0AF98	17	9		843.536631041667	0.220675623825779	1853.95185777778
P0AFA7	17	9		917.64454375	0.359987042544514	2062.16583222222
P0AFA9	15	8		971.634573712121	0.585587068160597	2656.65352
P0AFE0	8	4		1153.93887566667	0.961341089466089	2692.7335075
P0AFE4	4	2		975.950476666667	0.548666666666667	2037.64209
P0AFH2	20	11		833.577506547619	0.616526436348724	1977.49776454545
P0AFH6	15	6		823.183098333333	0.300660552897395	1646.36619666667
P0AFI9	18	10		679.3463465	0.140825757575758	1358.692693
P0AFL1	14	8		1020.96409574074	0.743500502997454	2256.31727125
P0AFL3	17	8		938.562569358974	-0.146730612541539	2033.62873875
P0AFM4	15	6		671.756023333333	-0.670373376623377	1343.51204666667
P0AFN6	11	5		1134.25481380952	1.10847788580119	3274.563246
P0AFP0	15	9		950.485384	0.926626512602123	2163.25555222222
P0AFR2	14	6		886.768661833333	0.8019371529974	2138.47598666667
P0AFR7	15	7		1174.49420166667	0.708785505430242	2801.59838285714
P0AFR9	14	9		1054.75829121212	0.806785512618846	2513.58834
P0AFS5	13	8		917.206740972222	1.13147568503208	2105.67977875
P0AFS7	15	6		843.943448833333	0.493729917743076	1885.14341666667
P0AFU2	17	7		961.237348958333	0.146826254749391	1877.41905571429
P0AFX7	12	10		917.911401428571	-0.582481266361722	2312.329904
P0AG14	28	13		723.943994537037	0.123159565600157	1564.65322230769
P0AG34	15	7		889.33981875	0.719147140838317	1954.90673285714
P0AG38	14	8		1105.01663818182	0.912631493506493	2496.05709125
P0AG96	13	6		891.431890238095	1.03683305485937	1720.806065
P0AGC5	20	11		974.596738988095	-0.14288295038295	2005.66499636364
P0AGE4	12	7		1002.84307825	0.956773485313858	2512.52357857143
P0AGF4	10	4		1188.71263566667	0.549629629629629	2513.5329775
P0AGH1	17	7		946.1243715	-0.166558435817057	1967.54309714286
P0AGH8	10	7		702.71088125	0.712658036408036	1479.6553
P0AGI1	12	6		815.487477857143	0.183828856328856	2006.02226666667
P0AGI4	12	5		879.774077	0.738602106227106	1759.548154
P0AGI8	22	8		927.047643484849	-0.182703283635589	1922.34927625
P0AGK1	14	5		764.143685277778	-0.182294372294372	1956.020342
P0AGM2	11	8		957.387730833333	0.939333243749005	2516.4900725
P0C0S1	17	9		814.91998	0.675921756816422	1785.63244888889
P0C0T5	20	10		804.059704583333	0.0803013771999065	1963.81371
P0C0V0	16	6		825.518238333333	0.233487394957983	1721.54778166667
P0CE44	15	7		950.555804537037	0.511397849462366	2016.04855285714
P0CE47	21	13		767.574161622807	-0.152549468064769	1728.09040769231
P0CE48	21	13		767.574161622807	-0.152549468064769	1728.09040769231
P10100	18	7		933.057695476191	-0.527839620696764	2081.17291571429
P10384	12	5		1157.23078083333	0.0291374849059859	2301.921806
P10903	11	5		1018.20622444444	0.210670818070818	2131.277736
P11286	9	2		1178.88638	1.24813596491228	2357.77276
P11557	19	5		923.28582	-0.91779797979798	2031.936996
P11667	12	6		1170.77472277778	0.89342436214695	2553.16261833333
P13035	25	15		648.675600740741	-0.160674510674511	1358.01106
P13458	27	9		827.662008194444	-0.352843055350795	1709.73491444444
P13482	18	11		794.360381519608	-0.654584225353814	1703.64671818182
P14175	27	10		780.03569375	-0.117520562770563	1739.358839
P14176	7	3		1349.03567483333	0.362098641962312	4809.79101333333
P14377	26	9		931.253602924243	-0.169925312207921	2004.26226333333
P15286	21	16		648.785691287879	-0.37230252131447	1392.219265
P16256	10	7		1263.60480928571	0.957768711234149	2527.20961857143
P16429	10	5		961.020260666667	0.857424603174603	2227.60567
P16683	11	6		1144.17599166667	0.857425387583172	2495.687785
P16692	17	11		861.65050118254	6.39457161196228e-005	2110.03195
P16701	13	5		1181.13353	0.993738150738151	2362.26706
P16869	19	8		848.77683375	-0.433723069693465	1697.5536675
P16926	23	14		743.576584166667	0.213774370470799	1489.63701571429
P17315	22	8		851.958798333333	-0.532331574675325	1821.7507525
P17444	18	10		957.713580486111	-0.463902306325908	2128.500122
P17994	18	11		914.732953137255	0.083292313247942	1981.00619181818
P18775	25	9		767.081140606061	-0.0398142865906023	1620.89450888889
P18777	11	6		1284.44285208333	1.08922528860029	2960.560545
P19642	12	8		1217.22292796296	0.920446952743548	2880.40426875
P19926	19	10		840.542356282051	-0.466274747877652	1768.142901
P19934	29	8		623.738016041667	-0.862091727716728	1467.3379
P20966	20	11		791.925592555556	-0.133732579245902	1697.13465090909
P21365	11	6		517.853741666667	0.369903846153846	1035.70748333333
P21367	17	8		889.126538055556	-0.148841459709881	1903.0845775
P21513	28	11		730.339279114583	-0.187654712082461	1590.62840909091
P21865	24	12		725.9060090625	-0.00548828023828026	1697.52045416667
P22255	16	11		843.412713675926	-0.167010138983823	2041.19169090909
P22729	12	7		994.249250092593	0.945035882421971	2200.04615142857
P23173	10	6		1096.0418575	0.738315142246365	2731.07577833333
P23200	11	5		893.786401	0.768361638361639	1787.572802
P23482	12	8		1141.74322733333	0.952523472903907	2349.495625
P23827	18	8		837.420533518518	-0.00898573104455457	1721.61210875
P23876	11	7		1025.64601214286	1.07467556416364	2051.29202428571
P23877	14	9		872.254716111111	1.04790531931836	1744.50943222222
P23890	18	9		773.795240151515	-0.0540821322143161	1608.16187
P23910	12	6		1202.10821260417	0.936810020580512	3135.66412333333
P24077	13	3		1088.52762555556	0.727517482517482	2772.14988333333
P24180	22	9		723.406867638889	0.243450345950346	1599.93861
P24181	10	6		903.790968333333	0.202994174942704	1807.58193666667
P24183	29	11		684.508980055556	-0.236339082900088	1503.89442636364
P24207	10	6		941.237395185185	0.258224452575139	2321.20604333333
P24241	16	9		954.189951666666	0.826210623359746	2210.62372444444
P24244	3	1		1633.36781	1.49259259259259	3266.73562
P25396	11	6		1091.81119722222	0.650996968835844	2892.69358
P25549	12	8		936.951962277778	-0.489463354047913	2180.55178
P25552	20	11		760.284089642857	-0.0092284084867817	1599.70569909091
P25744	14	4		928.35597	0.1571872909699	1856.71194
P25747	19	10		991.600864666667	0.705589316173357	2106.937983
P25894	18	11		830.890507166667	-0.299806358516036	1635.23004454545
P26218	21	11		789.829032222222	-0.572194232970095	1551.48164363636
P26266	27	11		774.242039444444	-0.00214429407276527	1478.30258545455
P27125	11	4		1000.51238766667	0.749013949013949	2015.0474425
P27243	15	11		998.097595119048	0.421836395605818	2099.29890818182
P27250	16	8		942.727619988095	0.266906151000979	2544.23229875
P27254	20	12		794.831950637255	0.285366577866578	1763.30951
P27300	24	12		797.973463333333	0.280030311010703	1650.03210583333
P27303	21	15		780.647365416667	-0.301364117364117	1534.12034533333
P27434	16	6		822.285899375	-0.0618069584736251	1784.56189166667
P27835	15	9		1275.362609	1.24039720780579	2572.14673111111
P27837	10	7		983.2250445	0.637253133847818	2457.99023428571
P27842	14	3		1029.47820125	-0.270252525252525	2210.37315666667
P28246	12	4		831.011745666667	0.493082706766917	1751.1884625
P28303	11	7		989.247125520833	0.971135468541484	2475.06476142857
P28307	7	4		1095.92737933333	-0.790264976958525	2220.752115
P29131	24	12		806.334744558823	-1.16710885958976	1618.05805
P30015	27	15		616.259664298246	-0.0242989700930878	1294.47403933333
P30126	18	10		826.63631984375	-0.093091916253681	1850.507163
P30149	16	4		806.460825	0.442301274576817	1861.73549
P30855	19	11		817.017409029412	-0.137785932120348	2018.03312090909
P30860	22	12		810.265415208333	-0.155784189007873	1771.96505166667
P31058	14	6		1337.35995880952	0.0504716280451574	3003.27868
P31121	2	2		1158.53136316667	-0.10948275862069	3774.84413
P31122	12	9		892.007801111111	0.987807208203194	1864.47346
P31126	13	5		925.888939	0.543158508158508	1851.777878
P31130	14	6		775.213768809524	-0.0349702380952381	1616.298095
P31131	14	9		876.108852272727	0.131031368934182	1703.83733222222
P31135	11	7		784.900872592592	0.815738034344172	1667.08478
P31224	11	8		1109.33821703704	0.199291167809962	2225.7745425
P31436	16	7		1114.03860185185	1.0363169883338	2414.42688571429
P31437	9	6		1116.00346619048	1.07566096866097	2909.27218666667
P31441	15	8		1013.87620647436	-0.0898863308192352	2205.21370625
P31442	16	5		1183.25638261905	0.575850917616622	2663.981438
P31446	11	4		842.22682875	0.339553471890428	2025.7937375
P31448	14	8		1147.23408796296	0.663112645205036	2859.4034925
P31459	16	12		816.642359421569	-0.127335088330728	1884.017165
P31468	10	5		1056.5615675	1.43991980788091	2605.656632
P31471	16	11		924.42870921875	-0.146453724493318	2004.54250363636
P31547	11	7		925.885769047619	1.0068031968032	2054.97708571429
P31548	20	13		802.715608240741	-0.0258714092924619	1641.76156076923
P31549	13	7		888.759983095238	0.472295251332518	1985.33983428571
P31550	22	10		785.526576363636	-0.185418564742094	1703.551677
P31675	11	8		1073.06433296296	0.614527187671045	2164.3431925
P31680	26	13		797.896369259259	-0.265631232914198	1626.80093230769
P31801	10	5		844.127657413059	0.0163753387533874	2123.453512
P31826	22	10		726.237480972222	0.114253854332802	1542.135629
P31827	16	7		835.06611875	-0.462548562548562	1953.92136
P31828	21	12		791.5031364	-0.0931148141074611	1712.2764075
P32128	19	11		933.183617777778	-0.0992704191233603	1950.14674727273
P32135	16	8		900.691406041666	0.297433035714286	2000.6440975
P32136	17	7		1060.61183888889	0.3429120905024	2281.71793428571
P32137	15	7		1098.58288111111	0.465090779595904	2370.50002285714
P32151	22	10		942.248549230769	-0.555983666716425	1932.059824
P32154	14	6		1028.04304857143	0.219303085199824	2390.37551666667
P32155	11	7		937.821211111111	0.0489799615498373	1991.70309428571
P32167	23	10		796.625400576923	-0.249002164502165	1691.05801
P32176	26	10		748.1020775	-0.118385780885781	1756.233957
P32668	21	11		806.107018452381	-0.303158616982146	1672.37849181818
P32672	10	5		1044.84134261905	0.820399760083971	2430.493308
P32688	19	14		822.871299583333	-0.18694397659683	1643.62675285714
P32701	20	13		725.951228921569	-0.212262909504289	1447.58101769231
P32703	12	5		976.813313	0.827333584290106	1953.626626
P32705	15	6		1170.53933055556	1.1900348583878	2591.54962333333
P32709	13	9		1004.953025	0.685773336703259	2558.05241333333
P32710	11	6		1060.21736527778	0.654733283295939	2676.57917166667
P32711	9	5		1015.68750972222	0.0863821465890432	2572.929412
P32716	23	13		723.028240595238	0.0987551764474841	1486.22904538462
P32717	24	13		727.491903372549	-0.15301787506241	1569.10630384615
P32720	12	5		805.122371	0.675082828282828	1947.826158
P32721	25	13		692.462841222222	0.324739107046799	1420.82253461538
P33013	19	11		794.508190427083	-0.196638113204319	1960.22693272727
P33015	15	6		1088.33111009259	0.908666255242342	2464.78605
P33021	15	7		1052.08231583333	1.22386574015865	2117.45928285714
P33025	19	12		872.867328928572	0.414342486348435	1689.4627125
P33026	13	6		1034.82397041667	0.68728687978688	2619.85814333333
P33128	25	9		806.912578181818	-0.0880133836274188	1598.56706
P33129	14	11		828.917589305555	-0.630689457601222	1939.99740272727
P33218	23	11		832.787879102564	-0.00792403255693138	1668.21204272727
P33231	11	4		871.3372	0.608441558441558	1742.6744
P33354	19	8		739.68799875	0.213627729500891	1479.3759975
P33359	10	1		758.46174	1.48666666666667	1516.92348
P33361	12	8		1177.465328	0.829485019707096	2575.2620575
P33366	17	7		893.4515865	0.882261904761905	2347.7112
P33369	18	9		1007.4597795	-0.170728274061607	2346.81218666667
P33634	26	13		754.501308125	-0.137265621131006	1538.46262461538
P33913	25	14		769.182248777778	-0.0855851200129175	1552.34640214286
P33931	18	9		887.8156509375	-0.177423723335488	2088.49693777778
P33941	20	10		991.377590833333	0.703632471546288	2102.836911
P36554	10	5		1160.7058365	0.681833333333333	3006.158534
P36560	13	2		949.431345555556	-0.148181818181819	2335.70591
P36561	19	8		709.479585666667	0.846599493409707	1686.909885
P36646	18	8		916.185644444444	0.364849719623994	2199.26634
P36649	17	9		943.061272261905	0.09407895037539	2413.44408888889
P36655	14	4		1056.48604833333	-0.240722049689441	2241.850105
P36682	13	4		1078.33246097222	-0.00532760472610092	2829.1833125
P37001	14	6		891.249591969697	-0.132247468218056	2231.41978
P37002	6	6		1154.3944352381	0.770135843079922	2309.71133333333
P37016	12	6		1175.55382690476	0.365541101410667	2421.69206833333
P37017	17	3		624.446573333333	-0.411910774410774	1248.89314666667
P37018	16	9		878.107456333333	-0.442147379369602	1830.10665555556
P37019	21	11		847.205894551282	0.518475189842837	1907.63759909091
P37050	14	8		782.6019575	-0.209437444739169	1596.66324625
P37056	19	12		895.455298888889	-0.132796510538446	1816.31107166667
P37147	15	5		1139.878972	0.523367284889024	2627.626936
P37197	23	13		743.236493583333	-0.296742805689294	1578.76465846154
P37305	7	3		809.41859	0.77013045434098	1618.83718
P37327	17	9		1141.16059136364	0.332625981609383	2418.13253444444
P37349	18	12		798.017922142857	0.178662432249323	1831.07853
P37443	16	8		915.479245208333	0.177143141444612	2284.89885875
P37597	12	4		1329.28778	0.775078255078255	3414.13604
P37614	8	4		973.419395944445	0.568492063492063	2189.6958075
P37615	13	6		737.820654259259	-0.701378278584161	1553.78770166667
P37617	18	9		777.690180185185	-0.309106632313997	1881.35588111111
P37621	11	6		1018.95191958333	0.269319031134669	2974.93879166667
P37626	31	11		645.027346944445	-0.0270464384100748	1348.52738909091
P37630	8	3		870.1781041	0.826262626262626	2196.79355
P37643	11	5		943.398747809524	0.369334759358289	3036.173176
P37645	26	13		781.61369854386	-0.139344007357008	1591.22565461538
P37650	23	12		691.113588076923	-0.477728669750729	1398.03201583333
P37653	24	10		715.65564375	-0.168545634920635	1438.039215
P37657	21	12		911.710493564815	-0.213321759488732	1914.93674333333
P37659	9	5		1311.19027964286	0.538637870538415	3056.569884
P37662	16	9		1005.99030518519	0.371611621646709	2202.82050222222
P37663	11	2		1023.80939166667	-1.27853535353535	2457.14254
P37665	20	7		1029.47077229167	0.262030183438852	2335.02769142857
P37669	15	10		1061.80109097222	0.62745576418943	2417.270066
P37674	9	6		991.33424	0.681840062111801	2002.76609
P37675	10	6		1132.83862864583	0.680263876570306	2551.01429833333
P37676	25	10		858.143830555556	-0.0737723246287763	1820.296706
P37681	13	10		1058.05151916667	-0.36675072403858	2380.4256
P37682	27	9		961.590092595238	0.0221074383443199	2066.58302777778
P37683	28	9		864.508241388889	0.122105933282404	1796.49437777778
P37772	12	5		1144.17772857143	1.02696010724796	2504.921996
P37774	25	9		843.561646760417	0.0360396726928985	1847.51713666667
P37902	24	12		791.144679583333	-0.265378151260504	1582.28935916667
P37909	12	6		867.02367462963	-0.0142424912548752	1893.93885833333
P38052	10	4		1202.64420125	0.249091327352197	2815.901345
P38097	11	4		1267.84713657143	0.815654761904762	3619.5198925
P38101	10	5		1310.19930611111	1.06288944379162	3758.4088
P38105	19	7		966.357713555556	0.0916754248065903	2687.06371714286
P38134	18	9		835.005713	-0.205031665864999	2003.11528
P39099	15	9		839.147126333333	-0.0373921757255091	1739.00292222222
P39172	16	10		829.877256453704	-0.245325980392157	2260.616552
P39196	14	8		917.390997666667	0.533098959916322	2208.9040625
P39263	11	6		778.761186666667	-0.0166438633829939	1716.87154333333
P39265	22	13		742.297242307692	0.0690274660112716	1484.59448461538
P39270	14	5		1044.56233268519	0.916099567099567	2410.357008
P39277	9	1		703.050970555556	0.226315789473684	1946.91038
P39282	9	4		1121.853469	0.386593275913213	2411.9504525
P39295	23	9		723.06809439394	-0.519579124579125	1496.70595666667
P39297	9	5		1007.39895555556	-0.18161501896796	1937.774324
P39310	15	9		871.486006041667	-0.400918499953588	1799.35691111111
P39328	11	5		846.122700666667	0.624123954476896	1946.25175
P39338	14	8		944.545571212121	0.444683876811594	2333.0536375
P39344	8	5		1114.56249866667	0.96068697968698	2568.972428
P39346	18	13		774.319791819445	0.0466576249863938	1768.46172
P39401	13	7		867.936383727273	0.322564455872727	1933.72774857143
P39414	12	6		841.109074047619	-0.0514650383141763	1827.080035
P39451	21	9		927.788752055556	-0.00854312970979639	2074.20860222222
P39830	13	6		904.921863981481	1.01678113553114	1879.21288166667
P39832	11	6		1235.70689071429	1.40695880365797	2795.20728333333
P39835	13	8		918.61152737037	1.08772792448779	2558.5287375
P40120	18	13		829.319085277778	-0.327801650291529	1808.08371307692
P40876	20	13		855.083029375	-0.0914114132581874	1730.06077538462
P41036	19	8		987.87872	0.46155495852187	1975.75744
P42615	12	5		912.801745766667	-0.0996098104793756	2191.911128
P42619	8	4		1085.467703	0.994129464285715	2125.8765425
P42628	13	6		806.043265476191	0.215149113132984	1520.11950833333
P42630	17	11		849.182905158334	0.158169351796216	1981.98806
P42905	4	3		1212.18800388889	0.58628663003663	4493.06627666667
P42910	9	4		1261.228736	0.786178451178451	2687.653615
P42912	20	13		822.27569075	-0.223115384615385	1659.30543461538
P42913	12	7		851.844481851852	-0.0722138215734274	1743.86370571429
P42914	25	14		743.697399333333	-0.173283008762332	1464.38432285714
P42915	23	9		997.569133148148	-0.563505116959064	2153.80949777778
P43319	15	9		928.550409444444	-0.213250360750361	1930.82709555556
P43340	17	10		754.658129940476	-0.319682324211736	1903.319347
P43672	23	11		862.248789411765	-0.564157004774307	1811.35410181818
P45394	12	9		953.137335666667	0.934499321976439	2183.56158222222
P45425	17	10		726.947996245098	0.231425283050283	1568.317976
P45428	15	8		1031.8655	0.722508081896552	2222.17793625
P45464	21	12		680.215168974359	-0.239752648145505	1533.6812375
P45508	10	4		818.89125125	-0.237053571428571	1637.7825025
P45522	12	5		863.433600666667	1.07715384615385	2012.481028
P45523	34	12		716.755494880953	-0.371131455350205	1366.01571916667
P45539	11	6		958.95687	0.922340425531915	2309.92467333333
P45546	12	6		1031.43084545455	0.669909956880534	2343.38417666667
P45566	7	2		1476.5306	1.39538123167155	2953.0612
P45568	21	11		738.320870347222	-0.417310770038043	1533.0087
P45570	12	9		839.504937435897	0.753878877040401	1959.02263333333
P45750	16	6		553.525483333333	-0.626260822510822	1145.38029666667
P45804	16	8		1054.24076648148	0.485332912457912	2301.84193
P45955	18	8		1060.75858983333	-0.326819800569801	2102.03111125
P46119	8	1		695.775695833333	-1.07857142857143	1669.86167
P46122	13	8		725.851358148148	0.0613389059770638	1450.9944575
P46125	21	9		687.361961666667	0.163928170594837	1374.72392333333
P46133	11	9		866.833642424243	0.587556539915875	1878.78287333333
P46144	20	14		763.505234966667	-0.344726315351315	1640.58838571429
P46187	11	4		892.784430666667	0.193080808080808	1843.92705
P46474	20	13		829.542052541667	-0.177753117643316	1782.29898
P46481	18	11		832.204530641025	0.55023088023088	1741.08842636364
P46923	20	11		765.674216217949	-0.293015292274051	1851.92581727273
P52067	14	6		1059.63442047619	0.309102215766689	2401.76923666667
P52094	14	6		638.214108333333	0.639046092796093	1336.202575
P52101	23	8		830.033052166667	-0.118505608974359	1730.34039625
P52600	12	4		1075.08823625	0.614026253918495	2150.1764725
P54745	21	12		721.814834642857	-0.0656208990767815	1767.21652333333
P55140	18	9		877.12906935	0.0261066712662917	2028.33432111111
P55734	15	8		683.894450757576	-0.352152698200492	1414.97272625
P55914	5	3		1139.40055041667	1.17590804597701	2600.37885666667
P56100	2	1		1427.39374166667	1.03870967741935	3425.74498
P56258	25	14		683.087355433333	0.166021412552262	1460.299065
P56579	11	7		988.620439722222	0.368471432862189	2611.06403142857
P56580	16	10		742.73273530303	0.0710801580600342	1526.284075
P56976	2	1		1211.07340375	0.55	4152.25167
P60632	8	4		1074.80114366667	0.806613230519481	2120.3710775
P60844	9	4		1470.03297291667	1.0948935207886	4508.869055
P60872	14	7		922.14132775	0.533892253675664	2583.56043714286
P62723	12	7		1078.05305260417	0.869355229271196	3142.96498285714
P63235	11	6		954.876492142857	0.370598394660895	2052.41259833333
P64429	20	8		919.151889939394	-0.788577265581313	2048.42679625
P64432	10	6		1147.29232814815	1.06444673967692	2796.64577
P64442	3	3		760.667830333333	0.537575757575757	1924.34465666667
P64451	21	12		792.8252353125	-0.221878404139433	1629.22645416667
P64453	3	1		1244.29223027778	1.06206896551724	3445.73233
P64459	9	6		622.523620714286	-0.725526094276094	1212.760265
P64471	5	2		947.781131111111	1.24395604395604	2289.70553
P64493	5	3		1059.64300722222	-0.0613756613756614	2607.64598
P64499	9	3		664.98849	-0.879398148148148	1329.97698
P64506	11	4		1170.54184233333	0.228972222222222	2328.2177025
P64536	8	3		1207.12264833333	0.833650793650794	2414.24529666667
P64545	7	4		665.205051111111	0.0837660256410256	1478.242785
P64564	9	7		1036.92142759259	1.1009187824634	2213.94667571429
P64581	15	4		744.0067975	-0.359239130434783	1488.013595
P64585	13	7		618.321622708333	-0.183571428571429	1294.39643571429
P64592	8	3		933.13912	0.333680555555556	1866.27824
P64596	20	9		822.929656666667	0.214552667070727	1645.85931333333
P64602	8	4		656.691645	0.195505964623612	1348.2242125
P64614	8	4		852.878823666667	-0.0606474665685193	1885.9181975
P64619	6	2		620.0394125	-0.733333333333333	1240.078825
P64622	4	3		1133.98549916667	0.399010217113666	2355.84576
P64627	6	2		818.960914583333	0.496726190476191	1965.506195
P64631	11	5		850.346888333333	0.460042819499341	1955.992452
P64634	18	11		692.392762916667	-0.34545579939965	1546.72737
P64646	4	1		1145.6460375	1.65217391304348	2749.55049
P65290	14	7		857.810459285714	0.120304473304473	2103.61566714286
P65292	7	2		1098.6299125	-0.176666666666667	2636.71179
P65294	5	3		1124.4989255	-0.0962733204668687	2397.48199
P67127	16	8		820.472686833333	0.796285714285714	1683.40487625
P67143	12	5		1011.372939	1.69500907441016	2022.745878
P67729	10	5		1320.71610305556	1.16045637153969	3605.194066
P68699	4	2		1114.0895	0.679901960784314	2228.179
P69210	7	4		1213.20316133333	1.52978324915825	2519.395045
P69212	7	4		1052.94484875	1.07677536231884	2105.8896975
P69367	19	8		1027.24367055556	0.767206370388446	2333.34821875
P69411	12	6		846.665196041667	0.0837794486215539	1845.23908166667
P69428	11	5		680.547676	-0.459392976588629	1361.095352
P69432	13	4		984.943665714286	0.0651086956521739	2173.3625025
P69681	11	5		1239.99968938095	1.11464912280702	3563.688684
P69741	14	8		858.081273635417	-0.0325291783380018	2276.1389125
P69776	10	3		812.919341666667	0.121031746031746	1625.83868333333
P69795	10	4		904.172341666667	0.384789067142008	2070.341
P69797	21	11		858.621765111111	0.236394581971219	1819.29853818182
P69808	8	4		1076.44890527778	-0.0767121212121212	2208.3425575
P69811	17	9		918.251324305556	-0.0962325144767937	2170.20134666667
P69816	12	4		901.984277333333	0.394810744810745	1825.91543
P69820	12	6		993.510481666667	0.0210588076316977	2398.51963166667
P69824	9	7		960.91800425	-0.0245666934485393	2257.12630142857
P69826	12	5		1260.5492702381	0.822329702181876	3168.67362
P69937	6	5		1052.686721	1.10616149068323	2105.373442
P75620	7	4		729.309292	0.811156417112299	1601.31916
P75712	14	4		724.63269875	0.689722222222222	1449.2653975
P75715	11	7		1164.42530481481	0.0522957994386566	2720.47385
P75737	16	8		753.539001666667	-0.709746156621157	1509.83727
P75747	8	6		1054.11487138889	1.01246605461722	2614.06287166667
P75748	18	11		857.542442777778	-0.240183339109485	1968.84966363636
P75749	25	12		669.821552179487	-0.337281407318172	1366.62475083333
P75750	20	11		850.724324523809	-0.307163013753923	2029.35331363636
P75757	14	7		999.964648069444	0.499345938105336	3121.67252571429
P75769	13	8		978.557256583333	0.171806981101336	2230.53566375
P75770	21	8		1007.361833125	1.02657526026605	2203.698825
P75777	22	12		815.192255892857	-0.273335049210049	1677.51310916667
P75783	17	8		858.40342315	0.0459350160040566	2035.801045
P75788	14	10		1010.8633574359	0.811434313169127	2238.89847
P75798	16	8		950.6010295	0.600172466422466	2042.31668
P75810	12	4		1238.446625625	0.493390931102795	3207.663725
P75818	17	8		811.064951515152	-0.166535714285714	1827.8904275
P75826	11	4		900.6317075	0.28313492063492	2172.7222275
P75831	22	11		864.529297303922	-0.0985206308686467	1789.62919090909
P75835	13	6		997.974841208333	0.277967171717172	2834.64637166667
P75851	14	8		1166.1662425	0.972620879198719	2570.90758
P75855	9	7		832.843823571429	0.221333310652196	1665.68764714286
P75856	24	15		717.166413666667	-0.00820875420875424	1434.33282733333
P75857	20	12		810.622684305555	-0.256343882365622	1872.08806333333
P75858	16	10		834.114042333333	-0.148117887624467	1801.758959
P75859	9	1		1368.88205125	0.704651162790698	4693.30989
P75860	10	8		815.85054	-0.185184294871795	1573.299945
P75892	11	6		919.123585476191	0.927327761744428	1978.876705
P75917	7	3		843.841116666666	0.280729166666667	2826.07225333333
P75925	12	5		1084.31656342857	0.490866436810709	3304.697612
P75955	14	10		1061.50351409722	0.788792484397323	2488.187565
P75958	19	9		1006.61983147436	0.100803939368477	2253.39180333333
P75961	15	9		946.117680892857	0.357685251870746	2326.56682666667
P75962	10	6		900.1610065	0.141927248677249	2450.56308833333
P76002	16	7		757.413659666667	-0.367509781690454	1586.91278571429
P76007	7	1		1535.83611	1.31379310344828	3071.67222
P76011	5	1		978.56842	2.01666666666667	1957.13684
P76017	14	5		1038.77464638889	-0.162027777777778	2367.181452
P76037	11	5		1202.55977777778	0.618246006866696	2683.04554
P76042	23	8		788.120276	-0.14989360516934	1668.32704
P76043	22	9		750.216113888889	0.0518695502028835	1551.10181777778
P76045	17	14		839.030491574074	-0.697672818573105	1811.47242714286
P76097	20	11		833.467177388889	-0.225990453566761	2034.62911454545
P76103	8	2		974.703424444444	1.27886710239651	2337.7624
P76108	22	12		886.784176845238	-0.260929903429904	1783.2904925
P76111	7	4		1208.42154	1.28106227106227	2416.84308
P76115	18	5		983.682108	-0.599442640692641	1967.364216
P76116	22	9		918.052105	-0.276106684794709	2062.03225111111
P76118	6	4		908.106076666667	0.82125	1869.21473
P76128	23	11		842.745150611111	-0.349294623726442	1770.34673636364
P76136	7	2		1228.92115	0.929545454545454	2457.8423
P76142	19	7		870.517965740741	-0.108216587088768	1882.21567285714
P76146	22	13		720.890908240741	0.501222879684418	1541.60192384615
P76170	17	6		714.998518571428	-0.848978758169935	1394.84241
P76172	6	3		1024.833533125	-0.0512820512820512	2506.56007333333
P76173	12	4		1105.71277633333	0.773608294930876	2614.119225
P76175	12	7		1088.93813366667	0.882322868953994	2227.44596142857
P76177	24	14		684.973775952381	-0.0558426979244648	1456.08721142857
P76180	9	4		732.915653	0.693891806722689	1535.6073175
P76185	21	12		906.635279833333	-0.084929032892395	1813.25643916667
P76186	12	7		754.923161481481	0.0575763638788847	1567.22309714286
P76190	39	9		646.459561363636	-0.226827741501655	1308.08697222222
P76194	16	7		834.530590185185	-0.268395170640439	1697.70550714286
P76219	14	5		814.645097976191	0.674186813186813	1948.069374
P76220	20	14		719.242417395833	-0.261198363727776	1493.575325
P76223	18	13		832.396646	-0.281458970767794	1763.72203538462
P76224	9	4		975.823195	0.999358974358974	2319.25213
P76226	11	5		665.697778571429	0.207501526896876	1832.823488
P76227	6	3		923.299243333333	0.0622222222222221	2921.45669666667
P76228	20	12		855.819664111111	-0.172111326173826	1901.0019225
P76230	19	9		1102.96761569444	0.450383040935672	2355.09948555556
P76237	20	10		763.84037125	-0.337242179863148	1713.522437
P76242	14	8		836.070073518518	0.668698483975702	1778.85891125
P76250	23	17		629.589250681818	0.227385520396356	1325.16716764706
P76296	18	9		707.686258666667	-0.703306878306878	1331.10356444444
P76308	7	4		906.403893229167	0.3934375	2620.794845
P76330	23	13		762.230051666667	-0.344869287951867	1640.35280615385
P76334	13	6		916.673536458333	0.321345029239766	1864.59778166667
P76342	21	13		771.863817125	-0.288886063329383	1646.66622769231
P76345	15	7		997.867947714286	0.385677656619869	2336.48299428571
P76347	17	7		796.83861735	-0.301686315551862	1543.59126714286
P76352	15	5		1015.95018535714	0.868491956241956	2539.76944
P76372	19	11		894.539695138889	-0.336210618085618	1760.35517545455
P76399	13	7		911.791081851852	0.0537353697459845	1805.93309142857
P76417	14	3		1295.00808	1.30484722222222	2590.01616
P76423	11	8		974.810208692063	0.261367289830912	2807.64371
P76460	14	4		1114.27750083333	0.423787878787879	2475.2350375
P76464	21	8		791.004670454546	-0.635244443056943	1692.34441875
P76469	17	7		1056.91389133333	-0.152869987155701	2725.93100857143
P76470	17	5		981.104485	0.553136147186147	1962.20897
P76471	10	5		1182.82386777778	-0.026500814000814	2962.83259
P76474	8	4		1354.98771333333	1.41990541187739	3172.6903375
P76498	15	9		895.033246	0.0371972934472934	1728.17247777778
P76499	14	6		1036.50601277778	-0.0949369636211742	2292.62494
P76500	11	7		927.64089725	-0.285613165644125	2275.23736571429
P76501	11	7		1016.400845625	0.0143712991988854	2046.57781
P76520	21	8		744.863795625	-0.3647321863687	1489.72759125
P76521	2	1		414.192335	0.328571428571428	828.38467
P76538	11	5		721.047342619048	0.552380952380952	1897.99976
P76551	18	10		915.482752833334	0.11311156049882	2008.021124
P76562	20	12		827.160396083333	-0.0612069564526434	1847.83895833333
P76573	26	7		746.853541428571	-0.994229691876751	1493.70708285714
P76655	17	12		859.34961175	-0.467667716207811	2086.43496333333
P76657	10	5		1111.41239274524	0.429641562384983	3938.042728
P76773	22	13		821.745717280702	-0.572087634587635	1781.23070153846
P76909	20	10		861.235489242424	-0.00437058034271659	1891.351722
P77031	14	10		856.981956212121	0.251876949847538	1797.918217
P77156	13	8		928.4628725	0.733519952141082	2198.54934375
P77172	17	7		963.828336428572	0.0828615317094578	2429.28131428571
P77179	14	6		922.762608809524	0.193004850088183	1802.592125
P77196	19	12		877.413544	-0.68485118376112	1885.72429333333
P77211	21	9		760.630766666667	-0.566938673617595	1655.70264333333
P77231	17	12		854.640727944445	0.0211596355714003	1916.0504125
P77245	23	14		720.754024754902	0.265645738380484	1457.17327214286
P77249	24	14		777.67872	0.0246826123611837	1511.44328285714
P77256	22	13		744.598766	-0.0240087178543799	1678.69554153846
P77268	22	12		859.64193047619	0.23206961486083	1883.7000725
P77272	17	7		871.8039175	0.209963909682308	2081.50827142857
P77288	16	5		737.816055833333	-0.47287037037037	1500.903986
P77294	13	8		782.833090416667	-0.226484211040897	1753.00508
P77306	21	13		795.361695	-0.0963774225984852	1667.15006846154
P77307	17	8		875.683774083333	0.744955341558602	1761.8305675
P77308	15	10		1012.66205265476	0.482868158801982	2346.767523
P77309	17	12		876.575530777778	0.0540240662115662	1881.35441416667
P77315	11	4		983.274889166667	0.684700292397661	2300.485845
P77316	21	11		839.561792525	0.137859444195651	1913.22593545455
P77318	22	10		865.282662738096	-0.282925486063644	1955.13216
P77329	21	15		764.808806825397	-0.304562165184591	1546.82965266667
P77339	23	14		778.127122142857	-0.417343100263581	1556.25424428571
P77374	24	7		877.496467916667	-0.0615846927399723	1751.98032285714
P77375	22	14		740.683036125	-0.374485646522668	1533.42769
P77389	11	7		1271.42035981481	0.902053900228968	2717.73438714286
P77400	9	5		1002.1983835	0.771183261183261	2262.214508
P77409	15	6		1043.91624315152	0.309381023914942	3035.06057833333
P77416	12	7		1147.084008125	0.624555555555555	2525.64095285714
P77437	7	5		1322.272107	1.00583636363636	4001.128142
P77439	16	11		936.172615277778	-0.171151974226154	2118.05750818182
P77463	17	6		849.425745740741	0.188691991416449	2238.18230833333
P77468	16	10		879.199065166667	-0.738694805194805	1906.707805
P77485	18	11		849.394417340909	-0.0178414632974751	2027.76994636364
P77504	24	12		824.0729625	-0.220895724894381	1661.58839583333
P77519	14	3		897.368729	-0.566086956521739	1938.92837666667
P77529	16	7		986.502031666666	0.737080491397261	1986.80834571429
P77549	12	9		1048.75976263889	0.677172981325353	2439.20104666667
P77588	14	8		913.837886875	0.28713141025641	1827.67577375
P77599	26	14		701.415907222222	-0.133149180184894	1427.659395
P77610	11	6		781.607869833333	0.0248378010878011	1887.454645
P77611	24	11		779.800739382353	-0.220179089252056	1743.87423090909
P77622	18	10		771.681021666667	0.0631589711458132	1938.312737
P77716	12	5		913.566910277778	0.624444444444445	1936.02501
P77717	30	10		735.825576	-0.302110760971055	1736.946639
P77733	24	13		755.450866375	-0.34775935047726	1677.88998769231
P77754	22	11		779.979636055556	0.0369182429089244	1876.80810181818
P77783	11	5		905.921541167749	-0.231070318570319	2494.855666
P77789	11	9		889.85110525641	-0.0990282177907492	2275.44654111111
P77795	15	8		972.593239416667	-0.0598630000245713	2047.90487875
Q06067	9	3		519.343678333333	-0.751082251082251	1103.87128666667
Q2EES1	12	5		884.602153095238	0.424162491919845	1866.722022
Q2EES6	13	3		581.490599166667	-0.212857142857143	1183.57196
Q2EET2	14	5		548.862447222222	-0.434549062049062	1143.57736
Q2M5U1	10	5		816.216593452381	-0.297827260458839	1763.20925
Q2M7M3	9	3		751.052511666667	0.149158249158249	1502.10502333333
Q2M7X4	7	4		764.205265	0.47145979020979	1704.9090325
Q2MB16	12	7		840.028169259259	0.687111111111111	1731.83760571429
Q46798	18	9		893.356044	-0.0299321905939553	2380.04709666667
Q46831	21	10		732.473147261905	-0.0616040733432374	1639.048809
Q46832	21	14		800.051736785714	-0.0377507288851827	1600.10347357143
Q46834	12	7		887.995621666667	-0.37312591703348	1760.89028285714
Q46863	17	8		645.871822348485	-0.311150263135557	1370.52958625
Q46867	15	6		511.67554	-0.773974867724868	1023.35108
Q46888	17	12		851.041457205882	-0.0478939075630252	1929.79715
Q46892	19	14		768.99214312	0.0269543363632118	1638.40012928571
Q46909	20	8		785.055958541667	0.266859585558098	1676.37635
Q47377	20	13		750.733527222222	-0.426592510054049	1643.71291615385
Q47534	22	8		891.14040375	0.655538194444444	1782.2808075
Q47706	15	6		615.728599166667	-0.139218073593074	1231.45719833333
Q59385	23	11		851.962348452381	0.100752505070687	1727.68260818182
Q6BEX0	13	2		453.9342425	-2.35714285714286	907.868485
Q6BEX5	13	8		831.282068666667	0.299865667420815	1954.37926625
Q6BF25	2	1		1204.30118	1.203125	3612.90354
Q6BF87	11	3		816.145250416667	-0.141144781144781	1969.61754666667
P77667	23	9		818.798809166667	-0.384921555179658	2055.23368888889
P27242	29	17		604.139717896825	-0.0225736191912663	1241.21377705882
P06993	20	13		837.456371574074	-0.145354711504888	1768.34653769231
P52696	24	12		639.63571202381	-0.208988638676139	1318.83884083333
P15078	15	8		1021.37851016667	0.762697285353535	2538.84713625
P0AEC8	23	13		716.279603214286	0.0428938432651791	1567.67227384615
P11551	10	4		1051.07543633333	0.135458605156881	2427.7956975
P77858	17	9		857.643472727273	0.415088339783902	1799.49261555556
P77672	17	11		909.550533611111	0.173198119265105	1947.53273454545
P0AFS1	9	3		821.621978333333	0.700883838383838	1643.24395666667
P0AF01	19	10		1036.03968621212	1.05386778499278	2080.436633
P0AFA5	18	11		915.372787738095	-0.0465951012097257	2063.64812454545
P0AFF4	11	5		1277.0657155	0.761514102564103	3099.627546
P76425	12	6		1002.59668492119	0.564572840018593	3341.67525333333
P45562	13	4		1118.05585208333	1.25782302664656	3003.5958575
P75763	11	7		1055.741109375	0.940098708079004	2253.90271571429
P76197	11	4		542.9079575	-0.261372863247863	1085.815915
P0ABD1	10	4		1083.96089692857	1.06165271132376	2798.9934275
P27843	8	3		918.040914444444	0.611050724637681	2434.62214333333
P39284	7	5		1118.953782	0.575840548340548	2237.907564
P39838	19	11		765.703430666667	-0.262761122450118	1695.66377272727
P0AFM9	8	4		923.988131944444	-0.316335009578544	1877.9831075
P0ABC3	31	10		791.202079722222	0.0823123973727423	1678.862109
A5A605	12	4		965.562701666667	0.461159090909091	2248.1401125
A5A624	5	2		703.40635	0.904861111111111	1406.8127
P77494	6	3		802.442004166667	0.57056277056277	1560.17631333333
P76482	16	10		714.284492847222	-0.380527167277167	1672.928213
A5A615	3	1		1105.61918	1.815	2211.23836
A5A618	2	1		1160.20138	2.2	2320.40276
C1P609	3	1		1219.77652	2.7	2439.55304
P77381	21	12		914.86831375	-0.172074689978835	1943.7893775
P77359	21	12		774.174696444445	-0.558869588720931	1584.16815666667
P75711	14	5		558.971261388889	0.246893939393939	1161.031674
P45848	21	8		888.443126785714	-0.390876299877659	2014.97373125
A5A617	4	1		980.584075	2.39411764705882	1961.16815
Q46901	16	11		838.712495882353	0.300203921560011	1843.65851454545
P45545	17	12		861.534469270833	0.188014911696304	1831.5205225
P75800	25	15		728.907362962963	-0.148691293891294	1474.00471866667
P75786	15	4		507.39883	-0.101792929292929	1065.0586
A5A612	9	2		705.629825	0.832142857142857	1411.25965
Q46942	16	10		797.571866515151	-0.00338714209766849	1608.189961
P76481	22	13		833.711134166667	-0.535431728249454	1716.61740538462
P0AAG3	26	8		795.732231060606	-0.145654952686203	1590.04033125
P77257	23	12		783.086677685185	0.220755671797338	1603.59654666667
P09833	23	13		737.063341354167	0.0537778553163168	1599.29718692308
P31060	20	13		802.025781428571	-0.196418974816034	1633.4364
P0AFV8	12	4		544.4311975	0.463827838827839	1088.862395
C1P605	6	2		509.217385	-0.706944444444444	1018.43477
P76639	17	10		912.351247555556	0.107271632581977	1886.956716
P0ACG4	5	2		780.688345	1.30684523809524	1561.37669
P28721	16	8		863.158163083333	-0.168999659423179	1661.6827575
Q46943	18	9		962.234920333334	0.508225900773439	1902.98853555556
P0AEE5	25	14		697.602350416666	-0.361700532650478	1416.33729571429
P0AEG4	17	11		828.483536571429	0.0817052360050499	1787.78768272727
P37329	21	15		686.808470882353	0.0585038197097021	1429.456994
P33342	23	12		780.3706325	-0.132228206734786	1676.77460166667
P28722	24	11		824.043108111111	-0.183230228552809	1655.75996818182
P37325	20	14		816.515941041667	-0.209853940079283	1643.54582714286
P76394	16	9		745.991428333333	-0.3448889591562	1649.24169888889
P33340	10	7		900.156193125	-0.0136526832955404	2176.08602
P33343	15	7		864.565475714286	0.0505502227241358	1729.13095142857
P33344	7	4		1074.21801266667	0.125813834154351	2156.308335
P77619	23	13		762.790042708333	-0.275485532011848	1533.91878076923
P64534	10	6		809.089543333333	-0.508291893291893	1794.53202
P31600	27	13		646.312516428571	-0.440452709683479	1242.23981230769
P06129	16	10		980.555595902778	0.0463637502848029	2187.881487
P06996	18	8		803.042895185185	-0.529500622163666	1699.0474825
P33341	20	12		869.854482948718	-0.516451070300529	1861.6466675
P33666	12	7		1085.04433675	-0.48675726504919	2486.04838571429
P77286	16	7		993.043593055555	-1.02770937082967	2390.53930571429
P45564	17	9		984.632533333333	-0.536287656967942	2219.16695555556
P0ADB4	5	2		713.1514525	0.496381578947368	1426.302905
P77296	18	8		827.010517628205	-0.410991234149129	1965.96088625
