Entry Name	Total #Tryptic Peptides	# Detectable Tryptic Peptides	Detectable(%)	mean m/z	mean gravy	mean mass
P00363	16	10		897.551238265664	0.0405257416731874	2174.334482
P00393	20	13		765.80373344617	-0.0592532950687583	1651.46262384615
P00550	13	4		1177.52460059524	0.896773504273504	2820.7331725
P00561	20	14		715.767834958333	0.292941667250878	1530.78751357143
P00803	21	7		928.013767916666	0.242673469387755	1870.55137714286
P00804	11	7		1105.98927185185	0.813958365164247	2450.55283142857
P00811	18	12		919.028075	-0.173015052874967	1857.03012416667
P02918	23	14		740.923202892157	0.163526790669648	1547.15288
P02925	22	12		811.196731333333	0.244366148827536	1685.87656333333
P02930	18	11		828.19088	-0.585725781395638	1656.38176
P02931	18	9		954.507396666667	-0.173151250982133	1909.01479333333
P03961	12	5		1100.91444930556	0.0242410729367251	2813.666446
P04825	24	13		789.906196342592	-0.329348030137504	1648.73893538462
P04968	21	13		759.85632254902	0.232426570828862	1649.30430615385
P04983	29	14		703.838525888889	0.075418051836119	1352.33200785714
P05458	21	11		835.583292111111	-0.150757414995383	1889.31172454545
P06136	25	10		828.675871805556	-0.464547739297739	1746.371615
P06149	25	11		799.788247777778	-0.0859297565179919	1706.39597636364
P06282	20	15		770.291382561403	-0.200961329030447	1578.46956866667
P06611	20	8		838.361177416667	-0.195715262066365	1824.7935325
P06616	25	10		775.185423697917	0.0734370199116329	1856.843903
P06709	20	10		914.012339242424	0.160401394901395	1841.342189
P07000	25	14		709.094487261905	-0.0242929234630916	1528.32853642857
P07001	21	11		773.433810909091	0.0708811080546723	1546.86762181818
P07003	15	10		939.361778973684	0.067204365079365	2232.485125
P07014	23	16		676.969565964912	-0.336788452560511	1417.9919925
P07109	26	10		803.211322388889	-0.0428499417249417	1882.664219
P07650	17	13		780.228763645833	0.20115748602101	1550.69863
P07654	15	9		801.170483703704	0.687967372134039	1794.6342
P07821	23	12		742.571804875	0.0506993994567524	1625.25196083333
P07822	15	9		1086.79722102564	0.143385962822065	2499.38188666667
P08200	27	13		682.779146764706	-0.257306895383819	1459.95686384615
P08331	24	12		824.845450238095	0.0136077008207763	1642.23366
P08395	28	12		807.595982333333	0.117429075554076	1607.06135416667
P08400	20	12		745.347426041667	-0.221552754147231	1779.32965583333
P08401	20	10		900.348606559524	0.176491441066254	2043.86364
P08506	21	12		797.623893020833	0.0674033578077696	1711.35619583333
P08839	22	11		865.74160125	-0.0444087652159752	1702.40624909091
P09152	31	9		746.808333461538	-0.870696593854489	1669.22012777778
P09391	17	9		839.705325358975	0.128208168642951	2085.93748555556
P09394	28	11		703.9475625	-0.46277915173609	1587.02513545455
P09546	24	10		642.814667435897	-0.0805887445887446	1411.520292
P09549	23	9		814.481800416667	-0.200941639507283	1709.79007444444
P0A6A0	31	11		674.029354047619	0.226511619693438	1463.05602818182
P0A6H8	23	9		982.926718888889	0.37494477987899	1998.14570666667
P0A6J1	20	9		780.097975977778	-0.0168553443553444	1943.53487333333
P0A6J3	15	6		766.306226111111	0.209604349139233	1809.590175
P0A6J5	23	12		793.801529	-0.516303158982662	1660.8989625
P0A6Q6	16	7		839.081126916667	0.206983082706767	1902.09345857143
P0A6X3	7	5		894.41841834127	-0.054775176514307	2092.030862
P0A6Y8	20	12		873.597889583333	-0.151672054797055	1747.19577916667
P0A6Z3	29	12		721.534054460784	-0.401236618319952	1564.09107583333
P0A734	8	6		683.87555	0.260208333333333	1437.41025666667
P0A756	15	9		858.212919960784	-0.168681630642415	1895.16989222222
P0A759	22	12		853.716188518519	-0.200103045647163	1795.55182583333
P0A766	10	6		859.385599166667	1.12758838383838	1718.77119833333
P0A7B1	29	15		683.323743627451	-0.279303612566771	1381.75789133333
P0A7B3	16	9		930.039905059524	0.100434275238197	2405.33331666667
P0A7E1	21	15		684.415339166667	-0.220741242329952	1447.32292133333
P0A7E5	20	12		832.655798039216	0.13484570802005	1773.7413775
P0A7J0	16	11		771.900432604167	-0.010977707288449	1592.41060909091
P0A855	19	7		799.4618115	-0.0755246842326675	1975.41206285714
P0A879	22	13		791.194347107843	-0.306562001347069	1587.48759076923
P0A8R7	19	7		770.430442	-0.824161537084469	1895.20964571429
P0A8U0	11	7		882.938786527778	-0.246814058956916	1999.99632
P0A8X2	19	11		754.636562888889	-0.367658179932651	1609.69578181818
P0A8Z3	15	7		804.62396037037	-0.17741284250601	1662.94460857143
P0A901	21	12		618.352910416667	-0.0993202861952862	1236.70582083333
P0A908	18	10		992.216828717948	-0.329806528742289	2203.437778
P0A912	16	8		794.002372954545	-0.36946158008658	1803.5945025
P0A917	14	7		824.572258809524	-0.624854156574911	1822.69539571429
P0A921	19	13		842.8122665625	-0.351526156875665	1864.05417384615
P0A924	21	12		911.005147916667	0.315821262071262	1881.50893666667
P0A935	23	7		1023.715335	-0.36864659060105	2099.86046714286
P0A937	7	4		1184.888354	0.00944700460829495	2890.1843175
P0A940	25	14		694.683862604167	-0.0337711809665592	1469.60924857143
P0A9J4	13	9		852.977806813726	-0.139662962119102	2181.99288
P0A9K7	25	14		712.285015350877	-0.269923989409284	1462.98440571429
P0A9M5	14	6		685.862443833333	0.000610722610722601	1579.28895166667
P0A9P0	24	9		869.273035625	0.275014252269154	1966.22537111111
P0A9P4	22	12		823.422215989583	-0.207589751047669	1740.86124166667
P0A9Q9	14	8		1035.439548	0.0719628527082612	2296.63907
P0A9R7	22	10		751.417766875	-0.0690750377073907	1801.006365
P0A9S7	21	14		727.153766710526	-0.116548316296216	1543.64934785714
P0A9U1	18	11		942.000788645833	0.143755222421666	1958.70915363636
P0A9U3	20	12		869.390081203704	-0.27763630742855	1886.42112083333
P0A9V1	21	12		770.554413263158	-0.0282793040293041	1704.69663166667
P0A9W3	21	12		745.686366031746	-0.323227358189626	1632.7323075
P0A9X1	20	14		695.255839275	-0.00606467037802735	1619.63541142857
P0A9X4	21	12		634.219204444444	-0.0442740130240131	1350.09852166667
P0AA53	26	11		850.509350555556	0.252145828028181	1741.35807272727
P0AA73	14	6		1263.54193305556	1.12973336385836	2815.01970333333
P0AA84	26	9		849.639671515152	-0.317178123600537	1810.02222
P0AA91	17	10		864.241045833333	-0.0723531533825652	1751.280536
P0AA93	20	9		1063.71321121212	1.08751971412366	2268.2316
P0AA95	10	5		735.654945	-0.271766233766234	1471.30989
P0AAB4	28	10		738.6296275	-0.158565039180768	1520.056382
P0AAB6	19	10		934.462579222222	0.224731354235144	2107.282375
P0AAC4	13	6		1072.74747	0.630154292835452	2145.49494
P0AAC6	9	4		987.842556875	0.435140625	2822.014825
P0AAD6	11	6		999.538977619048	0.605717120181406	2641.71061666667
P0AAE0	10	6		1004.26680802083	0.676500550939575	2328.52457
P0AAF3	22	10		806.996150347222	0.0496638861138861	1988.193689
P0AAF6	20	9		953.193087564103	-0.243594962231644	2286.58165
P0AAG5	19	13		894.210378928571	0.545403792173569	1770.47110538462
P0AAH0	24	14		766.688106851852	-0.211979372908584	1544.55444285714
P0AAH4	30	13		739.023008111111	-0.168790555598248	1430.17558538462
P0AAH8	23	14		760.634148257576	-0.0192436397635978	1602.03223071429
P0AAJ1	18	12		730.9664709375	-0.238873656980275	1641.41480416667
P0AAJ5	21	14		641.306791388889	-0.332850734269907	1298.09985142857
P0AAJ8	20	13		768.094198921569	-0.562171717171717	1687.09563692308
P0AAS0	15	6		672.586655833333	0.112353757353757	1345.17331166667
P0AAT4	15	7		969.105912277778	0.496154335113145	2069.83660142857
P0AAV0	7	3		1004.47614877778	0.975858585858586	2270.16443333333
P0AAX8	19	9		868.630051515152	-0.203202103106036	1765.57391555556
P0AB06	23	12		640.5336709375	-0.229615040460629	1292.58871916667
P0AB10	12	7		1016.64391270833	-0.0654417151475975	2139.65580714286
P0AB12	9	5		873.097687777778	0.523092145949289	2156.541304
P0AB24	25	12		746.467401282051	-0.383911181411181	1542.752215
P0AB26	17	7		855.055671666667	-0.271508463493253	1729.72007428571
P0AB38	14	9		897.217563136364	-0.17980881691408	2282.69653222222
P0AB58	27	10		839.563013333333	-0.035722312689031	1798.483459
P0AB67	10	4		1000.60613205556	1.23485619772384	3273.2874025
P0AB98	13	5		1145.89899208333	0.779577554599075	3193.141098
P0ABA6	26	14		675.722339270833	-0.0950552027337742	1409.63224357143
P0ABB4	23	15		709.821735462963	-0.0341930008988833	1470.262966
P0ABB8	21	9		830.856083472222	-0.364339426006093	1716.63055
P0ABF1	33	11		683.722032435897	-0.553289172128181	1371.39854818182
P0ABF6	17	11		888.288367380953	-0.0712212787212788	1918.02567363636
P0ABF8	11	7		904.682970925926	0.659347788643141	2030.21837857143
P0ABH0	23	10		931.985796190476	0.33778964864028	1972.488863
P0ABI4	22	11		941.888136988889	-0.312579696836614	2035.24407454545
P0ABI8	11	7		834.150258520833	0.582724867724868	2167.71588
P0ABJ1	20	11		901.927210166667	0.151088405702042	2030.14095909091
P0ABJ3	9	5		1071.14404862121	0.817310276717487	3462.732966
P0ABJ6	3	2		813.139550416667	0.33375	3798.95742
P0ABJ9	13	5		1144.77780888889	0.862234432234432	2953.304792
P0ABM9	22	11		824.046075454545	-0.388854501640425	1648.09215090909
P0ABS5	27	12		821.631953125	-0.273911836830987	1662.63374916667
P0ABU7	16	7		943.853362222222	0.0266732804232804	1883.93753428571
P0ABU9	21	11		873.887806190476	-0.0533053221288516	1929.16189909091
P0ABV6	14	4		565.80720125	0.348523698523698	1131.6144025
P0ABZ4	19	8		840.754316666666	0.585688567045811	1813.5653875
P0AC02	25	14		747.967863666667	-0.571134381491524	1514.080175
P0AC23	14	7		1092.53184398148	0.795459956709957	2665.08514142857
P0AC30	23	14		751.119535520833	-0.304277111777112	1508.116495
P0AC41	19	12		818.857905928571	-0.184556799126425	1829.80093333333
P0AC44	5	3		815.175382291667	0.676875	1966.73999
P0AC75	27	9		833.022872690476	0.296742410209902	1809.75304222222
P0AC98	7	3		1239.148045	0.726774691358025	2478.29609
P0ACB7	23	10		640.546866060606	-0.742243867243867	1248.72461
P0ACE0	21	12		798.965444675439	0.0721313033813034	1774.89034916667
P0ACJ0	20	10		746.756623055556	-0.0982648856990962	1415.223904
P0ACS9	22	13		750.102008809524	-0.0304083889966243	1524.99248923077
P0ACV0	25	9		941.609946410257	0.0252041894198757	2110.04946666667
P0AD12	19	13		839.683614583333	-0.059310500427442	1719.70997769231
P0AD14	15	9		1110.60698319444	0.990840438074402	2430.38457111111
P0AD27	18	9		1053.27241155556	0.520265722273924	2545.78559777778
P0AD30	13	6		952.688600833333	1.04624194032089	1905.37720166667
P0AD65	28	13		702.490583020833	-0.14594988972817	1441.89148846154
P0AD68	29	12		697.875805416667	-0.0399642024642025	1480.759385
P0AD96	22	10		842.5369605	-0.190733343776107	1819.071888
P0AD99	11	3		819.286373333333	0.861688311688312	1638.57274666667
P0ADA5	16	7		1051.09354520833	0.0522170788004708	2357.48934285714
P0ADB1	10	5		943.849671145833	-0.00967061923583657	2056.189414
P0ADC6	21	12		880.861104166667	0.154883838713173	1761.72220833333
P0ADE4	28	14		708.504021372549	-0.311827837195484	1442.36865428571
P0ADK0	14	9		843.192746666667	-0.034137477016734	1900.73812666667
P0ADL1	11	7		1007.01367375	0.858212839791787	2170.72658857143
P0ADL3	13	7		874.654671409091	0.0766132079367373	2008.00631714286
P0ADM4	10	5		969.6875575	-0.168690476190476	1952.139462
P0ADM8	22	14		764.794637791667	-0.300770852108732	1570.92603571429
P0ADP2	16	10		655.97673875	0.00183437761069337	1504.449982
P0ADS6	23	10		712.05138974359	-0.148176665439823	1672.553744
P0ADS9	27	12		776.378818076923	-0.504810853863485	1536.58351916667
P0ADV1	18	6		692.947770166667	-0.465975515712358	1592.7879
P0ADV7	22	13		730.667149555556	-0.459601733086683	1465.12063076923
P0ADV9	20	8		878.060083333333	-0.25765625	1785.274195
P0ADY1	21	14		811.222299642857	-0.376312900290733	1622.44459928571
P0ADZ7	10	4		947.49883375	0.641439393939394	2295.45699
P0AE14	20	13		788.827843611111	0.247595166271637	1764.38809153846
P0AE28	16	9		1025.87028672619	0.0975687743160861	2363.21673777778
P0AE34	13	6		853.572319375	0.493417755991285	1892.529375
P0AE45	15	10		1045.51071015152	0.340045668890496	2329.876233
P0AE82	19	13		902.590083627451	-0.0345472561626409	1799.15609615385
P0AE91	19	7		829.825338240741	0.228336081907511	1633.39644571429
P0AEB2	19	11		795.393891833333	0.00715654569409508	1659.27731090909
P0AEB5	18	8		1219.5504619697	0.808320841297921	2722.5694975
P0AEC0	14	8		980.983848166667	0.620844516036079	2489.21149875
P0AEC3	26	13		752.448040333333	-0.0640803783111476	1659.54708923077
P0AED0	10	6		836.969418653846	0.0953476443672521	2275.477505
P0AEE1	16	9		841.365078	-0.0308101166877258	1724.74457111111
P0AEF8	11	6		1043.08995858333	0.824965272396047	2936.02753833333
P0AEG6	22	11		779.398325111111	-0.245365619229256	1816.44010090909
P0AEH1	20	8		822.514498181818	-0.322813412999609	1630.33107625
P0AEJ0	11	3		1374.09024	1.1941403424162	2748.18048
P0AEJ4	22	12		731.614058088235	0.115495456636761	1511.70532583333
P0AEK4	21	12		760.113253541667	0.260823356711515	1626.718475
P0AEL0	18	8		933.149243055555	0.661804523091288	2391.76511625
P0AEL6	19	6		903.176509166667	-0.159339968310557	2291.360605
P0AEP3	15	9		976.954295222222	0.381373138385522	2404.89284555556
P0AEQ3	28	12		743.856380555555	0.155614818295739	1527.52163583333
P0AER0	9	6		1198.40902392857	0.803002505076733	2966.37594833333
P0AER3	14	8		873.960913125	0.558171233006759	1747.92182625
P0AER5	14	12		976.248107179487	0.799957010582011	2009.48770666667
P0AEU0	23	11		858.751118194444	-0.0481257007994977	1740.42274090909
P0AEX3	13	5		954.418314333333	0.11541540812129	2164.507562
P0AEX9	29	13		739.664146904762	0.0866980413807039	1479.68382769231
P0AEY1	15	7		943.661491428572	0.743841616914324	1887.32298285714
P0AEY5	16	12		777.445709947917	-0.316034967283032	1629.86764583333
P0AEY8	16	4		1351.38557291667	0.837881626788646	3135.177705
P0AEZ3	25	11		640.476839545455	0.355556589874772	1280.95367909091
P0AEZ7	27	9		993.1346545	-0.217917891781355	2101.90952777778
P0AF20	22	14		757.635493583333	-0.0812953973762245	1575.87108214286
P0AF34	13	5		1297.48033	0.99775	2594.96066
P0AF40	9	3		1450.78437722222	1.31997150997151	3430.53142666667
P0AF70	7	3		977.788732916667	-0.276314010177574	2194.37193666667
P0AFA2	21	10		772.424353636364	0.43349591230026	1764.23837
P0AFB1	21	12		819.921424583333	-0.235963053265208	1897.00601083333
P0AFC3	13	6		1068.07875452381	0.515741064491064	2371.7067
P0AFC7	20	12		873.809327857143	-0.423944345523878	1662.04046166667
P0AFD1	13	8		882.531462864583	-0.354464370059765	2061.22873125
P0AFD4	12	7		953.2243334375	0.600504251593724	2391.64023428571
P0AFD6	22	12		651.975842857143	-0.446546462796463	1367.30972
P0AFE8	11	3		1421.37884041667	1.4178416821274	4014.79839333333
P0AFF0	9	6		1428.10949388889	1.07500179810839	3342.65046166667
P0AFF2	17	11		997.598095641026	0.96262567288285	2089.91991090909
P0AFG8	22	10		906.134928333333	-0.307849100354983	2003.976635
P0AFH8	26	8		840.159978125	-0.0953240304103791	1680.31995625
P0AFI2	19	10		962.686755611111	-0.183630386408136	2116.338375
P0AFJ7	11	5		995.617598291667	0.488949850471589	2335.28657
P0AFK2	10	4		1022.07107875	0.195665584415584	2430.0097625
P0AFK4	16	8		1047.93936314815	0.926112987987988	2331.1699575
P0AFK6	15	5		1191.70335616667	0.661871825600639	3350.149488
P0AFK9	19	9		880.150193409091	-0.40769186885466	2113.67965333333
P0AFL6	21	13		796.679450555555	0.185854434491558	1693.77022230769
P0AFM2	17	8		1090.35424166667	-0.14980337457601	2638.4005525
P0AFP9	19	13		772.009281888889	-0.125243238410659	1754.24079846154
P0AFQ2	20	9		910.013281333333	0.314577294991088	1965.12975444444
P0AFS9	20	11		850.895809940476	-0.228858501898783	1914.04255545455
P0AFV4	24	9		819.538552575758	-0.493355094726062	1558.08260777778
P0AFX9	22	6		756.261002142857	-0.327039821776664	1560.61378166667
P0AFY2	22	12		878.649813333333	0.336372929639059	1778.34323166667
P0AFY6	12	9		1005.25184833333	0.15991835224522	2476.60056333333
P0AFY8	20	10		786.869708444444	-0.345924242424242	1663.930388
P0AFZ7	15	5		1267.07779033333	0.965371955233706	2880.128702
P0AG00	22	11		905.32049474359	-0.326557206904801	1805.50987545455
P0AG27	17	8		740.410099242424	0.337695824706694	1515.17651125
P0AG71	24	17		658.215767666667	-0.707107480333287	1313.06033411765
P0AG80	16	12		904.349596145833	-0.523776097091314	1966.20025166667
P0AG82	21	14		635.609745714286	-0.229634086151943	1271.21949142857
P0AG86	8	6		882.156636190476	-0.447695767195767	2162.69251166667
P0AG90	25	13		687.56094	-0.0230708723779992	1449.67101846154
P0AG93	14	9		1026.23671611111	0.233658348825262	2517.95913555556
P0AG99	6	5		1108.667081	0.232872007219833	2217.334162
P0AGA2	13	7		1051.36780925926	1.15459433773509	2094.88568285714
P0AGB0	23	12		762.412500897436	0.0722184075309075	1685.26503166667
P0AGB6	23	9		782.938605555556	-0.129756975051093	1565.87721111111
P0AGC3	25	13		675.055293095238	-0.459358494753892	1323.18578615385
P0AGD1	15	8		787.602334880952	-0.145577596618358	1800.52418625
P0AGD7	27	11		834.794881666667	0.0243577500930442	1739.70206545455
P0AGH3	14	7		1056.13215638889	0.765972250911161	2735.58614285714
P0AGH5	13	7		1024.2734605	0.344162836305693	2343.80467142857
P0AGM5	20	13		923.516702380952	0.0169124635874519	1815.59443538462
P0C066	23	11		891.890135277778	-0.168308300395257	1874.28927181818
P0C0L7	13	7		922.779740833333	0.375626948215183	2150.67137
P0C960	20	10		783.307897777778	-0.184973500184026	1673.443502
P0CB39	15	9		789.221976319444	0.177847478766064	1678.57225777778
P10121	16	6		1158.42014722222	-0.382159677159677	2813.18146166667
P10346	28	7		972.593369166666	-0.116922865920562	2229.96814714286
P10378	17	12		842.514465657895	-0.268316221424774	1947.46331166667
P10408	26	10		835.776196190476	-0.168732142857143	1783.688164
P10441	23	10		834.764450416666	0.140081614292141	1840.722638
P10905	11	6		1091.69815333333	0.63689241980317	2439.43770666667
P10906	11	8		975.4508955	0.856225950831214	2263.5552575
P10907	28	9		932.269711527778	-0.100906849969457	1898.28303666667
P11289	10	5		889.624701944444	-0.741848484848485	2128.774988
P11349	28	11		818.801978055556	-0.511087334382789	1768.16502272727
P11350	15	9		1000.62264611111	0.54069510373432	2546.75006888889
P11454	17	14		836.049221111111	-0.384761804074692	1818.045035
P12008	23	9		814.700833958333	-0.229464648202006	1866.68955333333
P13518	22	11		792.628748076923	0.0792225988413672	1842.32217181818
P14376	27	9		932.917083833333	-0.0414960718294052	2009.21017666667
P15877	13	6		815.252671190476	-0.00642276257195618	1761.740475
P15993	9	5		1024.83926309524	0.353061870340973	2675.557354
P16095	17	11		937.661971041667	-0.0732869012707723	2005.05356909091
P16676	25	13		740.192766388889	-0.112059397205835	1607.12947307692
P16700	23	14		727.044109509804	-0.25421564890324	1461.952045
P17443	23	12		755.220897941177	0.197715562860912	1592.41439416667
P18392	23	12		777.632810833333	-0.12068512980684	1833.01045666667
P18776	18	12		720.081395637255	-0.289536130901262	1620.15464583333
P19318	26	12		790.87184703125	-0.458944676559121	1731.21304083333
P19319	29	10		706.367746111111	-0.754141658779817	1593.750659
P21338	29	11		699.515459666667	-0.319566222644286	1458.16053727273
P21345	14	9		1026.7166277381	0.814027898027898	2153.59109888889
P21889	33	12		694.450266444444	-0.104822208987263	1420.363555
P21893	20	12		815.951470147059	-0.20125849613941	1679.00811916667
P22525	12	8		1061.18066282051	-0.0447966587810338	2249.25785625
P22731	24	12		833.636863111111	-0.163130731922399	1668.59526916667
P23830	30	13		761.913866111111	-0.400894060188178	1506.50055615385
P23837	19	11		942.779950666667	0.203200511609602	2108.35883090909
P23843	18	12		849.521081568628	-0.261149396014524	1800.23466
P23847	24	10		839.855106212121	-0.396921077552007	1619.499063
P23865	28	13		753.847761960784	-0.362892539309543	1554.68513076923
P23878	22	10		834.840245862745	-0.242575263504611	2050.931225
P23886	20	7		644.633825833333	0.00317460317460312	1318.41575714286
P23894	14	6		863.732793333333	0.0985800865800866	2213.78325833333
P23909	20	14		794.563303137255	-0.268888661985467	1638.08408857143
P23917	22	9		856.593850530303	-0.21470720961949	1723.37928
P23930	13	6		951.806709047619	0.619223722184248	1975.73747
P24177	11	9		961.233931481481	-0.192142889789949	2105.60257333333
P24205	25	9		970.642021488095	-0.0837804787804788	2099.9004
P24228	18	10		853.712701025641	-0.0229816859342031	1759.56321
P25522	21	12		762.328012692308	0.0403338930664512	1698.95329916667
P25534	14	10		882.111358325397	0.196360624517601	2234.612836
P25535	15	13		862.585285261905	-0.00728600234217342	1897.86528846154
P25714	14	10		1047.78239988095	-0.506323773448773	2315.636158
P25737	8	3		760.585875	0.670641025641025	1521.17175
P25746	18	12		811.158217395834	0.285479334498657	1694.79469666667
P26365	23	9		871.651797222222	0.213698870767902	1895.00104888889
P26459	14	5		1179.68112690476	0.664676434676435	3025.148516
P26647	22	10		840.067285119048	0.613457048214943	1993.531098
P26648	18	11		807.176979102564	-0.119723171565277	1664.11611363636
P27278	24	13		806.154180958333	-0.0454769658446129	1681.05215692308
P27829	18	12		773.311517	0.203427144682659	1748.87928166667
P27896	18	10		958.052361960784	0.0497374458874457	2212.854324
P28224	10	7		759.733517962963	-0.238102730602731	1575.22640428571
P28249	21	12		718.768379166667	-0.255137533137193	1538.79771333333
P28306	29	11		574.9174525	-0.128049349640259	1166.62253272727
P28635	23	11		871.777481282051	0.151960694104657	1827.22306545455
P29018	24	10		699.034711180556	0.2709400339083	1514.300661
P29217	24	13		789.836521190476	-0.0242341183720495	1537.37005230769
P30138	19	9		812.853712666667	-0.326497545664212	1856.85243
P30750	20	11		865.1124040625	0.184001341795459	1852.04412818182
P30844	20	11		836.605362777778	0.184653704880977	1972.22366909091
P30845	16	5		874.970572777778	0.783104684788895	1807.791496
P30847	24	13		732.272207953704	-0.0823968079974946	1504.85258769231
P30859	23	12		840.401996282051	-0.294990455146705	1717.43354416667
P30864	24	14		731.015953472222	-0.215036373401035	1521.84890285714
P31069	13	10		1083.44605820513	0.987332881145666	2509.737914
P31119	25	12		743.991130294118	0.323132336073513	1654.69589916667
P31134	25	10		751.637192083333	-0.00750688527159121	1929.358253
P31433	22	12		848.058504039216	-0.0716600684943077	1767.3996175
P31466	10	5		964.216047291667	0.667178270812047	2466.710182
P31545	23	10		963.886927722222	-0.249046610186672	1923.657929
P31554	19	10		894.111601217949	-0.57513786359839	2179.458135
P31666	23	12		859.694732555555	-0.0904812362142926	1749.05639
P31979	26	12		704.143787916667	-0.27808458354511	1477.73450333333
P32129	24	10		806.172067708334	0.672105311355311	1946.032771
P32160	20	12		758.175421153846	-0.238110398860399	1568.87113083333
P32166	13	3		529.604876666667	-0.905345117845118	1117.23206
P32681	22	10		966.475330145833	-0.49843350522027	2032.396116
P33011	22	9		827.860125	0.206645299145299	1708.13944222222
P33136	28	16		654.846240701754	-0.166551084332334	1331.91056875
P33225	21	11		813.609353676471	-0.189175597130143	1806.62263454545
P33226	23	12		745.562107380952	-0.600587549705197	1641.44552666667
P33232	20	10		919.44932878125	0.147150777828409	1940.350539
P33358	21	12		844.555460416667	-0.188613940765893	1799.592415
P33360	22	12		863.121295268519	-0.132293794570969	1781.15678
P33362	20	13		756.344383095238	-0.269347864773846	1489.07581384615
P33363	25	13		771.671138645833	-0.0421026936921508	1578.77056846154
P33599	22	14		754.455815833333	-0.299895908921782	1639.22669785714
P33602	19	7		1004.53543180556	-0.564277439557221	2799.82107857143
P33607	10	3		1319.30815125	1.19157635258617	2787.80163
P33650	18	11		838.481418589744	0.185952549007332	2019.12364909091
P33915	19	9		971.099167424242	-0.15604616800269	1958.98669222222
P33916	21	11		787.21561127451	0.150911588411588	1919.73147
P33927	11	8		1142.23528592593	0.707967376373626	2456.93023625
P33937	28	10		788.53849439394	-0.0237825673417779	1789.140135
P33940	21	12		848.155582948718	-0.228705738705739	1809.126915
P36548	30	11		662.343107611111	0.10975530708151	1365.07934909091
P36672	15	6		731.771823166667	0.0530092592592593	1488.302335
P36879	25	11		697.948255	0.0683627904603136	1402.72486636364
P36929	23	13		804.627655392157	0.0186197014816924	1697.33106384615
P37028	20	13		817.2745425	-0.144341593549738	1683.72453461538
P37177	26	7		832.007213333333	0.452072927072927	1582.81711714286
P37194	12	8		888.70763375	-0.188523779461279	1870.71727375
P37313	24	12		802.040233055556	-0.442534164210029	1713.94058
P37339	24	12		796.946724625	-0.0380436896981015	1647.54075833333
P37340	16	5		990.80889	0.408373684210526	2595.730406
P37624	22	11		852.084611111111	0.279066374801669	1742.79675909091
P37636	18	12		873.781579102564	-0.184860584233156	1777.57242916667
P37637	9	5		981.594148	-0.0250250484809309	1963.188296
P37641	20	12		779.51047997619	0.00143385005517354	1785.07428416667
P37642	20	10		890.89925448718	-0.291199792960663	2149.934119
P37648	20	9		962.846033194445	-0.213589485049112	2264.14131888889
P37649	19	12		814.824293823529	0.406662657266105	1878.68785916667
P37651	24	14		774.846135	-0.172741557734205	1549.69227
P37652	15	8		916.341770227273	-0.0556238755117431	1935.5990325
P37690	29	14		712.804992401961	-0.470484693877551	1387.63447428571
P37691	19	10		753.44390727193	-0.123539551842183	1881.645934
P37767	24	12		817.884290777778	0.128227493197655	1634.66658416667
P37908	24	10		917.176219333333	0.523701224701225	1963.852632
P38135	17	10		955.059601369048	0.227297410192147	2151.805541
P38506	20	11		813.964734074074	0.096624840337759	1907.03543363636
P39176	17	10		967.659104861111	-0.0664445226396126	2161.193106
P39187	20	7		779.380473958333	0.106627970028591	1539.22245
P39285	24	12		862.174954230769	-0.850501639753398	1732.86374916667
P39321	17	14		839.416208703704	0.0496901961124008	1685.67126285714
P39325	25	10		859.351075972222	0.255858836261777	1744.285609
P39342	21	13		817.054121111111	0.220170786463537	1627.3815
P39836	12	5		1068.83051509259	0.719090909090909	2420.895912
P40710	20	11		891.164604711111	-0.224235071148947	1868.15436
P40719	22	12		842.13840515625	-0.22240260531379	1862.42961166667
P41052	18	10		973.250594305555	-0.22993561679231	2186.076817
P42591	18	10		898.475824285714	-0.491253154253154	1999.426127
P42601	12	8		936.557319318182	0.602478632478632	2157.749345
P43337	14	9		752.808137916667	0.112257575757576	1560.59502777778
P43341	20	10		832.902132781574	0.142072871572872	2041.126206
P43671	24	10		856.989025384615	-0.200729936729937	1889.161592
P43674	20	11		911.354162440476	0.0394664399927558	1909.37365636364
P45395	18	10		771.027627604167	0.288600236646383	2063.024387
P45537	16	11		816.382931875	0.312168477898143	1718.53685272727
P45565	23	9		763.151596388889	0.0804964891076001	1721.42484555556
P45769	21	13		816.602595972222	-0.256837466203982	1644.12372384615
P45800	14	8		976.37925575	-0.38558739252123	2596.4252025
P46022	23	13		779.258628541667	0.0692370129870129	1604.28258307692
P46118	21	11		818.051652395833	0.0857810490944462	1733.77384818182
P46130	11	6		1074.18146666667	-0.211181732580038	2972.78179
P46482	24	11		885.508886410256	0.0180664703222862	1783.28326727273
P46889	10	4		901.825983333334	-1.00828502415459	1904.8268
P50456	22	14		721.966948412699	0.11292872332346	1603.54646428571
P51981	21	8		879.356105	-0.0632668067226891	1944.19975875
P52645	17	9		783.993043939394	-0.0973943993551837	1620.72712
P60560	20	9		952.468254807692	0.0476365486365487	2272.43652111111
P60752	19	10		885.135006944444	0.299253824606766	1778.611218
P60782	15	6		821.620986388889	0.27128036437247	1874.47343166667
P60785	22	8		760.232014	-0.188769841269841	1542.4955325
P60869	16	9		910.618993666667	0.281499278231759	1895.01361777778
P60932	12	9		998.67022022549	0.7340982770937	2504.97455222222
P60955	12	11		1076.99905833333	0.388247269865997	2336.38512818182
P61316	17	12		789.757062	-0.477506531723637	1668.30603333333
P61320	24	16		657.0099465625	-0.830135798637637	1314.019893125
P61889	18	10		927.59023439394	0.543950292397661	1953.25184
P62517	27	7		682.769291666667	-0.844579061289587	1441.98592
P63183	12	7		990.384298796296	0.886490444670896	2056.95085428571
P63340	13	7		767.061064166667	0.313035612741337	1841.52948285714
P63386	19	10		896.391482916667	0.416160597572362	2044.327215
P63389	20	12		741.858276296296	0.0848027648443249	1561.96583833333
P63883	26	13		733.0335346875	-0.171811564503872	1511.54730076923
P64423	19	8		961.171266518707	-0.429273525698158	2368.018495
P64481	16	8		907.302628525641	0.539243919457735	2326.33574125
P64515	10	6		949.226231875	0.645753968253968	2257.30496833333
P64590	12	3		1039.04827666667	0.565428571428572	2078.09655333333
P64604	15	11		780.927759027778	0.0182351026224544	1612.82772090909
P64606	15	9		766.586013181818	0.703011560060105	1649.53243
P66948	15	9		959.537188397436	-0.259863380347251	1987.09762444444
P67244	14	4		881.9561425	1.16838768115942	1923.3045675
P67553	22	10		895.269836736111	-0.525073722754007	1773.739689
P67662	21	13		839.491756666667	0.0724896364319441	1670.60660461538
P69054	9	4		727.356825	0.38094040247678	1745.65638
P69380	13	8		815.515090069444	-0.117290226548877	1699.9698325
P69423	7	4		1124.03963733333	0.925501336898396	2778.0113325
P69425	15	10		791.125162435897	-0.405539724980901	1545.879781
P69451	23	13		807.144649019608	0.0608334162067194	1643.83561615385
P69490	16	8		788.370553703704	-0.373584934540098	1652.447375
P69783	16	8		885.074763939394	0.121655517614569	1825.9413625
P69786	11	5		936.459035416667	0.367162464222434	1969.609724
P69801	6	3		1041.30419819444	0.616666666666667	3010.90168666667
P69805	18	12		817.260042380952	-0.0912404354904355	1807.16684083333
P69829	15	6		637.04817125	0.0634875541125541	1395.74354333333
P69853	13	9		825.618091538462	-0.104512366323961	1718.41718444444
P69874	24	11		814.763966555556	-0.271798996458087	1703.40762272727
P69924	21	14		845.448654605263	-0.202087787404608	1680.75465
P69931	23	12		644.611295952381	-0.186233751569117	1467.57276333333
P75728	14	9		951.479946794872	0.154472492375158	2342.61569222222
P75780	20	10		730.6029375	-0.348323875307699	1461.205875
P75785	19	5		814.437147222222	-0.187633882246785	1788.6937
P75796	20	13		822.905558095238	-0.0574720578566733	1710.77552692308
P75797	24	11		884.285770384615	-0.135461134824771	1823.81101363636
P75801	21	11		916.064875833333	0.278472671222072	1965.44122272727
P75820	21	13		766.401989625	-0.26705284007094	1696.70899384615
P75822	21	11		821.589813754386	0.119110835110835	1953.09422272727
P75828	27	12		772.479544473684	-0.345128683068177	1699.41222083333
P75829	24	13		773.229529583334	-0.0878537813962916	1618.57230769231
P75830	22	11		745.993975138889	-0.144610601816484	1446.31018272727
P75853	20	9		938.644150333333	0.0552631935965268	2112.86012333333
P75870	15	7		1083.065379375	0.283026921079044	2575.31635857143
P75946	9	6		860.158894166667	-0.174052499787794	2121.06535
P75954	21	11		862.118140777778	0.113676509836384	1848.87078181818
P75957	22	8		966.685834404762	-0.000295524192582955	2121.8211275
P76027	20	13		771.201807647059	0.143386496446697	1728.33178307692
P76176	17	7		1045.5143965	-0.191502880535027	2869.53398285714
P76182	11	3		576.5437175	-0.253787878787879	1254.64757333333
P76193	20	8		1005.05741791667	-0.0287772082190587	2349.23650625
P76206	18	9		1036.09661969697	-0.297376253339661	2323.19833888889
P76208	14	4		895.744625833333	0.535833333333333	2132.9272025
P76222	18	11		739.320971130952	0.225651436798496	1551.15935727273
P76269	13	6		988.6218425	0.770950701345438	1977.243685
P76272	22	10		928.516758333333	-0.110418213852424	1930.360846
P76339	22	13		801.133539444444	0.0371042812759454	1682.73437615385
P76346	14	7		1122.73344018519	0.271484355715013	3301.36254285714
P76350	11	6		1102.90920802083	0.327805884383164	2594.64161
P76373	23	14		778.6768078125	-0.0123203747055196	1557.71466642857
P76389	15	6		666.768380833333	0.205645743145743	1333.53676166667
P76397	23	11		830.5981425	0.0244810089627695	1696.51745272727
P76398	12	7		921.606007592593	0.271435507536348	1909.00678142857
P76406	12	6		706.746452916667	0.0547973322973323	1439.21792333333
P76445	17	10		965.772416666667	0.984752747252747	2257.917908
P76446	20	11		948.003752948718	0.304321742230833	1898.42765363636
P76473	17	8		1049.9901125	0.795770697167756	2203.92787125
P76502	9	4		688.995366944444	0.560732142857143	1321.154855
P76506	17	13		874.916066875	-0.340159679952519	1889.99276307692
P76537	19	7		805.277765625	-0.414689330277566	1661.50788428571
P76576	21	10		766.749765833333	-0.22404200864495	1575.872908
P76578	25	12		653.082714230769	-0.155198112073112	1306.7350975
P76586	20	10		959.308546363636	-0.196082183834472	2172.972192
P76630	13	4		931.341705	0.281872009569378	1862.68341
P77173	13	5		1108.19971093056	-0.373684174360188	4370.970706
P77202	23	14		703.926139351852	-0.337322122322122	1498.89084785714
P77265	21	10		720.2110635	0.000308022308022254	1576.530668
P77279	21	14		786.409012352941	-0.285198848770277	1606.74122428571
P77285	16	9		748.320895128205	-0.225981219073324	1833.46824666667
P77304	14	9		1059.90830333333	0.375131505270628	2472.46745666667
P77338	21	12		838.932178690476	-0.331287290441508	1716.77427416667
P77444	17	12		897.549061575758	0.099479492658822	1913.12829416667
P77473	16	7		1038.96046991667	-0.0789175813871051	3151.71087
P77499	22	14		732.636873377193	-0.289565310641176	1573.2777
P77509	21	11		820.517537051282	0.247288404641379	1719.96346636364
P77510	26	14		696.634761222222	-0.0588092066663496	1425.01092428571
P77522	21	11		790.150448630952	-0.334869760518428	1642.61270181818
P77689	19	10		880.786049833333	0.233456495796086	2090.64928
P77726	18	9		827.776154583333	-0.115737509728738	1753.99714
P77737	16	13		878.287794958334	-0.245588369129873	1925.47665
P77756	21	11		759.0437815	-0.115004085961024	1783.41874818182
P77757	21	12		707.679473555556	-1.04975329784153	1551.857765
P77774	22	10		878.96297224359	-0.0671670274170274	1910.875608
P77804	14	8		1066.58247534432	-0.153650087218636	2850.16722625
Q46824	26	12		809.491378333333	-0.210782719602379	1775.17274666667
Q46845	21	12		778.718008842593	-0.39563647001147	1613.36592916667
Q46927	18	13		832.763052824074	-0.113401607726507	1767.92350538462
Q47146	22	13		678.266586960784	-0.133969774820454	1422.99421461538
Q47622	21	12		714.682147222222	-0.11045736845365	1507.8384725
Q47710	22	12		640.553194607843	-0.116793931830697	1407.26226833333
P00634	20	16		712.925018	-0.262350917382678	1432.5961125
P00909	23	13		774.3375828125	-0.230727092895301	1580.00356076923
P02919	30	11		752.298482820513	-0.21997766321929	1527.37324727273
P02929	21	9		656.020889583333	-0.619069476275359	1317.01334111111
P03004	20	12		845.815034285714	-0.159636975343497	1806.4789475
P03819	14	8		1069.06334583333	0.976691997071029	2163.04452625
P03960	18	5		752.978961	-0.0747380952380953	1505.957922
P04846	20	9		968.786823119048	-0.0106069601753746	2154.08820777778
P05704	23	16		750.227972938597	-0.249624066905317	1493.139661875
P05825	22	9		814.532980833334	-0.533233043759359	2062.89025222222
P06959	16	10		901.7026635	0.23661395113601	1803.405327
P07024	19	10		907.809760244444	-0.152494453259159	2107.942819
P07117	15	5		960.485225555556	0.456008771929824	2008.6253
P08555	15	6		1047.95864141667	0.95644483390173	2741.15927666667
P08722	14	5		1031.89048714286	0.312383808095952	2485.687542
P09127	20	13		760.355082307692	-0.154900369356891	1520.71016461538
P09323	11	7		1094.92441453704	0.86570776856087	2593.23721857143
P09551	23	12		804.640606666667	0.0441103411981895	1624.22057333333
P09835	13	7		1276.43658925	0.956272147317746	3483.88920428572
P0A698	27	11		780.396154277778	0.157156454656455	1546.70043909091
P0A6A8	5	3		588.968033333333	-0.0596560846560847	1177.93606666667
P0A6E6	10	5		1013.01494506944	-0.370332374135513	2462.009154
P0A6M2	12	7		949.670019444444	0.455634920634921	2052.74901428571
P0A6S5	10	6		782.859119523809	-0.785925925925926	1637.80592
P0A6U3	25	10		888.991809615384	0.206987061597406	1838.815041
P0A6W3	14	8		695.60568537037	0.452483141858142	1453.63426125
P0A742	14	6		816.109553055555	0.648178811928812	1848.830705
P0A7A2	17	13		756.705219814815	-0.365330162547357	1658.58516461538
P0A7A7	31	12		714.979014444444	0.0443086620169952	1404.30931833333
P0A830	13	6		1084.86042928571	1.04524426172292	2661.74706833333
P0A843	9	5		551.191416	0.342363636363636	1102.382832
P0A8D9	15	5		785.708746666667	-0.15032380952381	1529.78358
P0A8G6	14	10		892.445974166667	-0.132571058726521	1919.744354
P0A8K1	22	9		802.730283809524	0.0953092278092278	1698.98355777778
P0A8K8	18	8		1016.82191537037	0.638204528807343	2125.76510875
P0A8Q0	11	5		775.380578055556	0.182339572192513	1898.013278
P0A8Q3	7	4		656.547447	0.258273915626857	1298.6784125
P0A903	18	13		789.170532604167	-0.404683881649826	1759.34181692308
P0A905	9	6		1017.32363916667	0.181766862170088	2299.50608833333
P0A910	17	11		957.414913333333	-0.205154629342918	2003.88692545455
P0A932	19	11		990.625858076923	-0.0222132034632034	2016.65243
P0A9A6	17	11		819.277304666667	0.280899560321	1777.00084181818
P0A9M8	22	14		729.605005462963	-0.204881743515284	1578.16849214286
P0A9S3	18	11		901.123911392857	0.224960536608758	1963.77941545455
P0A9T8	19	11		843.133387631579	-0.068691182554819	1850.22106909091
P0AA60	12	6		954.302037380952	0.686031746031746	1860.49824833333
P0AA67	10	4		1037.14498666667	1.27527976190476	3083.2435425
P0AA82	10	4		1168.11113375	0.312375222816399	2336.2222675
P0AA86	16	7		794.296437166667	-0.243127705627706	1936.58088714286
P0AAA1	12	9		932.010863939394	0.114257350750994	2414.67729555556
P0AAE2	13	4		899.614975	0.762407200642495	1955.7340075
P0AAG0	20	10		747.335908166666	0.161136273209549	1681.872193
P0AAG8	25	15		676.240685526316	-0.017035175608705	1418.23480666667
P0AAI1	21	11		823.921906470588	0.238109897542588	1833.33628727273
P0AAI3	26	9		792.508439444444	0.0107650579872802	1585.01687888889
P0AAS3	10	3		972.074621333334	-0.466666666666667	1912.29767666667
P0AB01	18	11		925.864746923077	0.244948514982471	1943.67355272727
P0ABA0	19	10		646.979529	-0.137402977457325	1293.959058
P0ABA4	17	7		706.392123333333	0.393916519987949	1552.21598857143
P0ABB0	22	15		735.049595740741	0.288751363451363	1460.54775733333
P0ABC9	13	8		796.389666041667	0.403279409882232	1744.89143875
P0ABG4	21	11		856.212570757576	0.768351180410004	1844.29087454545
P0ABG7	15	10		892.543530972222	0.557259768009768	1908.114932
P0ABK2	13	5		1174.011417	0.805887838338895	3013.161074
P0ABM1	13	8		1104.045948125	0.66445331181253	2450.66938375
P0ABM5	7	1		1457.61417958333	1.2	4997.53433
P0ABN1	10	6		893.868718809524	0.570850327879313	1947.184385
P0ABN5	13	6		939.639924583333	0.47244301994302	2936.60683
P0ABP6	15	5		785.937029166667	0.150833333333333	1929.618532
P0ABZ6	20	10		760.3809265	-0.267689267254485	1520.761853
P0AC47	20	10		938.537171555556	-0.255852669065169	2096.086906
P0AC78	10	4		1188.06228633333	0.9779375	2749.458255
P0ACD8	20	14		769.195943614035	-0.0664542215487594	1645.16553214286
P0ACS7	23	12		838.624611990741	0.0588317652329748	1789.96178
P0ACU0	20	11		856.234903258333	-0.218242704265432	1905.49163545455
P0ACV4	9	2		1067.62526888889	0.953846153846154	2491.84381
P0AD42	20	8		863.887340454545	0.191233766233766	1785.66795375
P0AD44	22	12		828.782652236842	-0.643858629293412	1762.79420666667
P0ADA1	18	13		752.934693277778	-0.108817442117037	1597.87630615385
P0ADA3	11	4		642.56336	-0.584496753246753	1285.12672
P0ADB7	4	2		1002.765555	0.600717703349282	2005.53111
P0ADC1	23	9		766.234434333333	-0.278392255892256	1526.1999
P0ADC3	21	12		932.597462820513	0.103810495201215	1822.35865166667
P0ADG7	28	7		939.171292575758	0.327720839531985	2114.09440428571
P0ADN6	7	3		801.169376666667	-0.108725490196078	1662.21166666667
P0ADQ2	21	13		776.75730381746	-0.327284610814023	1675.36026
P0ADQ7	14	4		870.331963888889	-0.251609848484849	1964.68087
P0ADT8	23	13		754.629163888889	-0.392659174296891	1457.90929769231
P0ADW3	15	9		704.858298	-0.559684714341577	1453.70863555556
P0ADX7	11	7		793.175881851852	-1.31241452991453	1640.93086571429
P0AE06	21	10		785.818035757576	0.0134289120702164	1627.338768
P0AE22	20	11		928.671575059524	-0.405834645152827	1971.51534727273
P0AE26	13	5		601.118696	0.463217948717949	1202.237392
P0AE30	12	8		990.651661481481	0.811978164454187	1965.5519725
P0AE85	19	9		690.509612261905	-0.740744631185808	1575.76360222222
P0AE88	22	10		824.912745256411	-0.286238125909179	1959.984659
P0AEC5	22	12		838.785127	-0.0816175618971672	1722.0357225
P0AEE3	15	12		853.592974222222	0.148211420089504	1874.8984675
P0AEG1	14	7		969.651956851852	0.302448830409357	2228.61286428571
P0AEH5	11	5		843.175861785715	-0.734622082897945	1657.00994
P0AEM9	25	15		664.119729895833	-0.0405831564949212	1359.956802
P0AEN4	14	7		696.397763541667	-0.289499646012251	1477.47340142857
P0AEP1	17	4		1480.176375	1.21465193965517	2960.35275
P0AEQ6	17	12		906.792637179487	0.939992323391923	1845.763605
P0AER8	12	9		1059.83140930556	0.863448872115539	2503.12063222222
P0AEU3	16	11		1028.55206077381	0.701405655854592	2162.3351
P0AEU7	22	7		742.015043571429	-0.200619047619048	1484.03008714286
P0AF16	17	7		779.552843571429	0.853965281794229	1559.10568714286
P0AF36	10	4		752.093751333333	-1.10830409356725	1588.264485
P0AF43	11	2		1012.46454604167	1.67840909090909	2617.51847
P0AF52	11	5		1210.70071178571	1.03484728175051	2682.08119
P0AF54	8	5		651.231739	-0.430692640692641	1302.463478
P0AF73	5	3		1021.381045	0.99259943977591	2042.76209
P0AF98	17	9		843.536631041667	0.220675623825779	1853.95185777778
P0AFA7	17	9		917.64454375	0.359987042544514	2062.16583222222
P0AFE0	8	4		1153.93887566667	0.961341089466089	2692.7335075
P0AFE4	4	2		975.950476666667	0.548666666666667	2037.64209
P0AFH2	20	11		833.577506547619	0.616526436348724	1977.49776454545
P0AFH6	15	6		823.183098333333	0.300660552897395	1646.36619666667
P0AFI9	18	10		679.3463465	0.140825757575758	1358.692693
P0AFL3	17	8		938.562569358974	-0.146730612541539	2033.62873875
P0AFN6	11	5		1134.25481380952	1.10847788580119	3274.563246
P0AFR2	14	6		886.768661833333	0.8019371529974	2138.47598666667
P0AFS5	13	8		917.206740972222	1.13147568503208	2105.67977875
P0AFS7	15	6		843.943448833333	0.493729917743076	1885.14341666667
P0AFX7	12	10		917.911401428571	-0.582481266361722	2312.329904
P0AG14	28	13		723.943994537037	0.123159565600157	1564.65322230769
P0AG34	15	7		889.33981875	0.719147140838317	1954.90673285714
P0AG38	14	8		1105.01663818182	0.912631493506493	2496.05709125
P0AG96	13	6		891.431890238095	1.03683305485937	1720.806065
P0AGE4	12	7		1002.84307825	0.956773485313858	2512.52357857143
P0AGH1	17	7		946.1243715	-0.166558435817057	1967.54309714286
P0AGH8	10	7		702.71088125	0.712658036408036	1479.6553
P0AGI1	12	6		815.487477857143	0.183828856328856	2006.02226666667
P0AGI8	22	8		927.047643484849	-0.182703283635589	1922.34927625
P0AGK1	14	5		764.143685277778	-0.182294372294372	1956.020342
P0C0S1	17	9		814.91998	0.675921756816422	1785.63244888889
P0C0T5	20	10		804.059704583333	0.0803013771999065	1963.81371
P0C0V0	16	6		825.518238333333	0.233487394957983	1721.54778166667
P0CE47	21	13		767.574161622807	-0.152549468064769	1728.09040769231
P0CE48	21	13		767.574161622807	-0.152549468064769	1728.09040769231
P10100	18	7		933.057695476191	-0.527839620696764	2081.17291571429
P10384	12	5		1157.23078083333	0.0291374849059859	2301.921806
P11557	19	5		923.28582	-0.91779797979798	2031.936996
P13035	25	15		648.675600740741	-0.160674510674511	1358.01106
P13036	18	7		930.725552727273	-0.145487248693229	2253.69709142857
P13458	27	9		827.662008194444	-0.352843055350795	1709.73491444444
P13482	18	11		794.360381519608	-0.654584225353814	1703.64671818182
P13738	12	8		1019.17479145833	0.965255852824082	2229.3209425
P14175	27	10		780.03569375	-0.117520562770563	1739.358839
P14176	7	3		1349.03567483333	0.362098641962312	4809.79101333333
P14377	26	9		931.253602924243	-0.169925312207921	2004.26226333333
P15028	17	7		936.632591180556	0.237066477583719	2148.56856142857
P15029	14	8		1016.05683090278	0.978260785673313	2716.61315375
P15031	19	14		782.458952592593	-0.0703160789675568	1654.34180285714
P15286	21	16		648.785691287879	-0.37230252131447	1392.219265
P16869	19	8		848.77683375	-0.433723069693465	1697.5536675
P16926	23	14		743.576584166667	0.213774370470799	1489.63701571429
P17315	22	8		851.958798333333	-0.532331574675325	1821.7507525
P17444	18	10		957.713580486111	-0.463902306325908	2128.500122
P18775	25	9		767.081140606061	-0.0398142865906023	1620.89450888889
P18777	11	6		1284.44285208333	1.08922528860029	2960.560545
P19926	19	10		840.542356282051	-0.466274747877652	1768.142901
P19934	29	8		623.738016041667	-0.862091727716728	1467.3379
P20966	20	11		791.925592555556	-0.133732579245902	1697.13465090909
P21365	11	6		517.853741666667	0.369903846153846	1035.70748333333
P21367	17	8		889.126538055556	-0.148841459709881	1903.0845775
P21513	28	11		730.339279114583	-0.187654712082461	1590.62840909091
P21865	24	12		725.9060090625	-0.00548828023828026	1697.52045416667
P22255	16	11		843.412713675926	-0.167010138983823	2041.19169090909
P23200	11	5		893.786401	0.768361638361639	1787.572802
P23827	18	8		837.420533518518	-0.00898573104455457	1721.61210875
P23842	16	7		916.090843541667	1.14790349337545	2350.67058571429
P23876	11	7		1025.64601214286	1.07467556416364	2051.29202428571
P23890	18	9		773.795240151515	-0.0540821322143161	1608.16187
P24207	10	6		941.237395185185	0.258224452575139	2321.20604333333
P25396	11	6		1091.81119722222	0.650996968835844	2892.69358
P25552	20	11		760.284089642857	-0.0092284084867817	1599.70569909091
P25744	14	4		928.35597	0.1571872909699	1856.71194
P25894	18	11		830.890507166667	-0.299806358516036	1635.23004454545
P27125	11	4		1000.51238766667	0.749013949013949	2015.0474425
P27243	15	11		998.097595119048	0.421836395605818	2099.29890818182
P27250	16	8		942.727619988095	0.266906151000979	2544.23229875
P27300	24	12		797.973463333333	0.280030311010703	1650.03210583333
P27303	21	15		780.647365416667	-0.301364117364117	1534.12034533333
P27434	16	6		822.285899375	-0.0618069584736251	1784.56189166667
P27837	10	7		983.2250445	0.637253133847818	2457.99023428571
P28246	12	4		831.011745666667	0.493082706766917	1751.1884625
P29131	24	12		806.334744558823	-1.16710885958976	1618.05805
P30126	18	10		826.63631984375	-0.093091916253681	1850.507163
P30149	16	4		806.460825	0.442301274576817	1861.73549
P30860	22	12		810.265415208333	-0.155784189007873	1771.96505166667
P31224	11	8		1109.33821703704	0.199291167809962	2225.7745425
P31437	9	6		1116.00346619048	1.07566096866097	2909.27218666667
P31547	11	7		925.885769047619	1.0068031968032	2054.97708571429
P31548	20	13		802.715608240741	-0.0258714092924619	1641.76156076923
P31550	22	10		785.526576363636	-0.185418564742094	1703.551677
P31680	26	13		797.896369259259	-0.265631232914198	1626.80093230769
P31801	10	5		844.127657413059	0.0163753387533874	2123.453512
P31827	16	7		835.06611875	-0.462548562548562	1953.92136
P31828	21	12		791.5031364	-0.0931148141074611	1712.2764075
P32135	16	8		900.691406041666	0.297433035714286	2000.6440975
P32176	26	10		748.1020775	-0.118385780885781	1756.233957
P32703	12	5		976.813313	0.827333584290106	1953.626626
P32705	15	6		1170.53933055556	1.1900348583878	2591.54962333333
P33015	15	6		1088.33111009259	0.908666255242342	2464.78605
P33218	23	11		832.787879102564	-0.00792403255693138	1668.21204272727
P33366	17	7		893.4515865	0.882261904761905	2347.7112
P33913	25	14		769.182248777778	-0.0855851200129175	1552.34640214286
P33931	18	9		887.8156509375	-0.177423723335488	2088.49693777778
P33941	20	10		991.377590833333	0.703632471546288	2102.836911
P36561	19	8		709.479585666667	0.846599493409707	1686.909885
P36649	17	9		943.061272261905	0.09407895037539	2413.44408888889
P36655	14	4		1056.48604833333	-0.240722049689441	2241.850105
P37001	14	6		891.249591969697	-0.132247468218056	2231.41978
P37002	6	6		1154.3944352381	0.770135843079922	2309.71133333333
P37019	21	11		847.205894551282	0.518475189842837	1907.63759909091
P37147	15	5		1139.878972	0.523367284889024	2627.626936
P37188	7	4		933.772485476191	0.346082236842105	2154.3196875
P37327	17	9		1141.16059136364	0.332625981609383	2418.13253444444
P37349	18	12		798.017922142857	0.178662432249323	1831.07853
P37597	12	4		1329.28778	0.775078255078255	3414.13604
P37615	13	6		737.820654259259	-0.701378278584161	1553.78770166667
P37617	18	9		777.690180185185	-0.309106632313997	1881.35588111111
P37626	31	11		645.027346944445	-0.0270464384100748	1348.52738909091
P37645	26	13		781.61369854386	-0.139344007357008	1591.22565461538
P37650	23	12		691.113588076923	-0.477728669750729	1398.03201583333
P37659	9	5		1311.19027964286	0.538637870538415	3056.569884
P37665	20	7		1029.47077229167	0.262030183438852	2335.02769142857
P37744	18	15		756.240286666667	-0.104945415695416	1632.347162
P37751	28	15		666.397280458333	0.0679605024605025	1397.31083666667
P37774	25	9		843.561646760417	0.0360396726928985	1847.51713666667
P37902	24	12		791.144679583333	-0.265378151260504	1582.28935916667
P38097	11	4		1267.84713657143	0.815654761904762	3619.5198925
P38134	18	9		835.005713	-0.205031665864999	2003.11528
P39099	15	9		839.147126333333	-0.0373921757255091	1739.00292222222
P39172	16	10		829.877256453704	-0.245325980392157	2260.616552
P39270	14	5		1044.56233268519	0.916099567099567	2410.357008
P39297	9	5		1007.39895555556	-0.18161501896796	1937.774324
P39310	15	9		871.486006041667	-0.400918499953588	1799.35691111111
P39365	13	8		1126.58954240741	0.637264088463216	2619.8975025
P39382	19	12		765.609812303922	-0.11464254425622	1890.10851166667
P39385	25	12		808.280301444445	0.449188451634572	1666.40190583333
P39396	14	8		1057.2697595	0.842681089165464	2613.52388125
P39401	13	7		867.936383727273	0.322564455872727	1933.72774857143
P39451	21	9		927.788752055556	-0.00854312970979639	2074.20860222222
P39830	13	6		904.921863981481	1.01678113553114	1879.21288166667
P39835	13	8		918.61152737037	1.08772792448779	2558.5287375
P40120	18	13		829.319085277778	-0.327801650291529	1808.08371307692
P41441	26	13		737.100461764706	-0.14455831318696	1527.50534538462
P42628	13	6		806.043265476191	0.215149113132984	1520.11950833333
P43672	23	11		862.248789411765	-0.564157004774307	1811.35410181818
P45464	21	12		680.215168974359	-0.239752648145505	1533.6812375
P45522	12	5		863.433600666667	1.07715384615385	2012.481028
P45523	34	12		716.755494880953	-0.371131455350205	1366.01571916667
P45566	7	2		1476.5306	1.39538123167155	2953.0612
P45568	21	11		738.320870347222	-0.417310770038043	1533.0087
P45955	18	8		1060.75858983333	-0.326819800569801	2102.03111125
P46122	13	8		725.851358148148	0.0613389059770638	1450.9944575
P46187	11	4		892.784430666667	0.193080808080808	1843.92705
P46474	20	13		829.542052541667	-0.177753117643316	1782.29898
P52067	14	6		1059.63442047619	0.309102215766689	2401.76923666667
P52094	14	6		638.214108333333	0.639046092796093	1336.202575
P52101	23	8		830.033052166667	-0.118505608974359	1730.34039625
P52644	13	8		714.954685333333	-0.158347953216374	1533.50348
P55734	15	8		683.894450757576	-0.352152698200492	1414.97272625
P56258	25	14		683.087355433333	0.166021412552262	1460.299065
P60632	8	4		1074.80114366667	0.806613230519481	2120.3710775
P62723	12	7		1078.05305260417	0.869355229271196	3142.96498285714
P64429	20	8		919.151889939394	-0.788577265581313	2048.42679625
P64432	10	6		1147.29232814815	1.06444673967692	2796.64577
P64448	8	4		643.216495	0.226319444444444	1286.43299
P64451	21	12		792.8252353125	-0.221878404139433	1629.22645416667
P64493	5	3		1059.64300722222	-0.0613756613756614	2607.64598
P64499	9	3		664.98849	-0.879398148148148	1329.97698
P64506	11	4		1170.54184233333	0.228972222222222	2328.2177025
P64545	7	4		665.205051111111	0.0837660256410256	1478.242785
P64564	9	7		1036.92142759259	1.1009187824634	2213.94667571429
P64581	15	4		744.0067975	-0.359239130434783	1488.013595
P64585	13	7		618.321622708333	-0.183571428571429	1294.39643571429
P64596	20	9		822.929656666667	0.214552667070727	1645.85931333333
P64602	8	4		656.691645	0.195505964623612	1348.2242125
P64631	11	5		850.346888333333	0.460042819499341	1955.992452
P65292	7	2		1098.6299125	-0.176666666666667	2636.71179
P65294	5	3		1124.4989255	-0.0962733204668687	2397.48199
P68699	4	2		1114.0895	0.679901960784314	2228.179
P69411	12	6		846.665196041667	0.0837794486215539	1845.23908166667
P69428	11	5		680.547676	-0.459392976588629	1361.095352
P69741	14	8		858.081273635417	-0.0325291783380018	2276.1389125
P69776	10	3		812.919341666667	0.121031746031746	1625.83868333333
P69797	21	11		858.621765111111	0.236394581971219	1819.29853818182
P69811	17	9		918.251324305556	-0.0962325144767937	2170.20134666667
P69828	12	8		809.424614344444	0.0770761639676113	1825.32051875
P69831	15	8		1071.03774591667	0.629095382104454	2596.4859125
P75691	19	12		781.541350439394	-0.166139113008308	1793.77396583333
P75749	25	12		669.821552179487	-0.337281407318172	1366.62475083333
P75777	22	12		815.192255892857	-0.273335049210049	1677.51310916667
P75783	17	8		858.40342315	0.0459350160040566	2035.801045
P75798	16	8		950.6010295	0.600172466422466	2042.31668
P75818	17	8		811.064951515152	-0.166535714285714	1827.8904275
P75826	11	4		900.6317075	0.28313492063492	2172.7222275
P75831	22	11		864.529297303922	-0.0985206308686467	1789.62919090909
P75925	12	5		1084.31656342857	0.490866436810709	3304.697612
P75958	19	9		1006.61983147436	0.100803939368477	2253.39180333333
P76002	16	7		757.413659666667	-0.367509781690454	1586.91278571429
P76007	7	1		1535.83611	1.31379310344828	3071.67222
P76091	14	4		813.366069	1.16587009803922	1789.4630825
P76115	18	5		983.682108	-0.599442640692641	1967.364216
P76116	22	9		918.052105	-0.276106684794709	2062.03225111111
P76170	17	6		714.998518571428	-0.848978758169935	1394.84241
P76173	12	4		1105.71277633333	0.773608294930876	2614.119225
P76177	24	14		684.973775952381	-0.0558426979244648	1456.08721142857
P76185	21	12		906.635279833333	-0.084929032892395	1813.25643916667
P76223	18	13		832.396646	-0.281458970767794	1763.72203538462
P76237	20	10		763.84037125	-0.337242179863148	1713.522437
P76250	23	17		629.589250681818	0.227385520396356	1325.16716764706
P76298	14	9		813.042358666667	0.699077999170878	1836.30128222222
P76299	21	10		949.850333630952	0.0801207757296467	2128.531794
P76330	23	13		762.230051666667	-0.344869287951867	1640.35280615385
P76345	15	7		997.867947714286	0.385677656619869	2336.48299428571
P76372	19	11		894.539695138889	-0.336210618085618	1760.35517545455
P76399	13	7		911.791081851852	0.0537353697459845	1805.93309142857
P76469	17	7		1056.91389133333	-0.152869987155701	2725.93100857143
P76471	10	5		1182.82386777778	-0.026500814000814	2962.83259
P76538	11	5		721.047342619048	0.552380952380952	1897.99976
P76551	18	10		915.482752833334	0.11311156049882	2008.021124
P76909	20	10		861.235489242424	-0.00437058034271659	1891.351722
P77179	14	6		922.762608809524	0.193004850088183	1802.592125
P77245	23	14		720.754024754902	0.265645738380484	1457.17327214286
P77272	17	7		871.8039175	0.209963909682308	2081.50827142857
P77307	17	8		875.683774083333	0.744955341558602	1761.8305675
P77309	17	12		876.575530777778	0.0540240662115662	1881.35441416667
P77318	22	10		865.282662738096	-0.282925486063644	1955.13216
P77333	25	8		948.491957347222	0.27966665363769	2091.566365
P77348	21	12		868.12578375	0.0691163959270577	1779.00015666667
P77374	24	7		877.496467916667	-0.0615846927399723	1751.98032285714
P77439	16	11		936.172615277778	-0.171151974226154	2118.05750818182
P77485	18	11		849.394417340909	-0.0178414632974751	2027.76994636364
P77504	24	12		824.0729625	-0.220895724894381	1661.58839583333
P77529	16	7		986.502031666666	0.737080491397261	1986.80834571429
P77541	19	10		935.862951666667	-0.0347762620521242	2005.610962
P77549	12	9		1048.75976263889	0.677172981325353	2439.20104666667
P77562	24	7		875.485145333333	0.363259794813503	1937.29229142857
P77611	24	11		779.800739382353	-0.220179089252056	1743.87423090909
P77717	30	10		735.825576	-0.302110760971055	1736.946639
P77754	22	11		779.979636055556	0.0369182429089244	1876.80810181818
P77783	11	5		905.921541167749	-0.231070318570319	2494.855666
Q2MB16	12	7		840.028169259259	0.687111111111111	1731.83760571429
Q46798	18	9		893.356044	-0.0299321905939553	2380.04709666667
Q46832	21	14		800.051736785714	-0.0377507288851827	1600.10347357143
Q46835	14	4		631.212102777778	0.00946969696969691	1376.41515
Q46837	10	4		862.677335333333	0.814231601731602	1795.47623
Q47538	16	8		995.273019074074	0.958562444499945	2168.08153125
Q59385	23	11		851.962348452381	0.100752505070687	1727.68260818182
