Entry Name	Total #Tryptic Peptides	# Detectable Tryptic Peptides	Detectable(%)	mean m/z	mean gravy	mean mass
Q6BF86	2	1		1487.8569125	1.053125	3570.85659
P37388	21	12		822.550303981481	0.243333894455218	1740.48002333333
P75616	12	6		627.064063703704	-1.41258741258741	1449.21550333333
P64485	6	3		1255.35568833333	1.67138888888889	2510.71137666667
P00805	19	11		818.567158555556	-0.093595377232157	1816.80411727273
P00904	15	11		954.121657017544	-0.028635795167097	2164.46487727273
P02916	18	8		739.6043625	-0.585214285714286	1479.208725
P02924	26	14		677.210712291667	-0.140821866625438	1356.10225857143
P02932	24	12		804.841401794872	-0.819890797859548	1674.18379666667
P02943	18	9		1084.10367402778	-0.29046083795709	2275.72573
P03959	10	3		1044.16161	0.540536398467433	2108.48554666667
P04816	22	11		724.233303974359	-0.0713035493170774	1629.71159545455
P05050	17	12		825.438965131579	-0.0901607178697006	1772.37918583333
P05824	20	11		769.581115436905	-0.372075605680869	1807.71744727273
P07021	13	7		917.021581111111	-0.198479437229437	1924.5157
P07102	21	12		858.30343547619	0.149812751986385	1728.79677333333
P08370	12	7		920.534920208333	0.1455880574452	1828.34215
P08371	18	8		790.738781875	0.126171626984127	1741.25707375
P08550	11	8		961.887959375	0.938527112255561	2094.857145
P09836	18	10		859.459059404762	0.367882872846108	1750.295815
P0A6E9	18	9		682.581729545455	-0.0274881545469782	1762.71266222222
P0A754	11	7		862.4729539375	-0.208122552051124	2573.25700571429
P0A7H3	29	10		936.427528888889	-0.123639087301587	1866.234814
P0A8S5	11	5		973.809269722222	0.306085231193927	1982.983442
P0A8X4	22	10		757.756854090909	-0.0640056479468245	1542.604291
P0A996	27	16		684.236286208333	-0.247280545954941	1300.886408125
P0A9C0	23	13		806.391744403509	-0.0153509738125123	1614.42478461538
P0AA47	10	4		1009.10623133333	0.124564544650751	2315.671085
P0AA49	14	9		837.63251	0.705941435585398	1735.70813777778
P0AA63	13	7		951.713483333333	0.409784013605442	2116.26546285714
P0AA99	23	12		775.326508333333	-0.317422633947196	1755.20726916667
P0AAD2	12	5		1040.83604972222	0.951733354704591	2950.933766
P0AAD8	10	5		1038.2734647619	0.751033210649	2231.756424
P0AAE5	13	6		959.000642083333	0.967877184543851	2042.61508
P0AAE8	8	2		1364.768035	1.11630434782609	3679.420865
P0AAK7	26	10		775.58976051282	0.0629213184476342	1604.355244
P0AAL3	26	15		668.612160588235	-0.0993781423255107	1363.53723066667
P0AAL6	20	9		913.1588005	0.0874613570885314	1902.65519888889
P0AAM1	16	11		934.156230185185	0.48708846889105	2277.67468545454
P0AAP1	17	6		784.506537037037	-0.542486772486772	1828.90382
P0AAX6	6	2		1407.10825833333	0.1	3669.818305
P0AAY4	4	3		981.042590071429	0.295555555555556	3165.61156
P0AAZ0	12	7		815.085903958333	0.793213952247566	1744.51557571429
P0AB40	7	3		1050.00283708333	0.201010101010101	2384.22875
P0AB85	19	12		748.170081666667	-0.202743813791726	1571.4497075
P0ABG1	15	4		1170.04972138889	1.2041059997607	3242.2192925
P0ABH4	9	3		1097.12159333333	1.5270202020202	3095.42740333333
P0ABK7	13	4		680.5924475	-0.455	1361.184895
P0ABK9	26	12		801.35385712963	-0.521401073911155	1628.18634916667
P0ABL3	12	4		881.55301875	-0.466454545454545	2115.727245
P0ABL5	26	10		687.437709166667	-0.753955026455027	1506.378776
P0ABT8	15	9		1151.67559111111	1.0429445594663	2303.35118222222
P0ABV2	10	8		814.491472348485	-0.0169618055555556	1875.18675125
P0AC26	9	5		984.799312	0.768313742306528	3114.180596
P0AC55	16	6		667.77688	0.29966688110651	1335.55376
P0ACJ5	14	9		749.2048255	-0.0195147078336734	1558.78230333333
P0ACN2	13	6		869.930699285714	0.263244011320637	1735.24118166667
P0ACV2	24	10		914.035638095238	0.0336057059555511	1963.153475
P0ACX0	8	4		1257.64609233333	1.5500728021978	2652.1845125
P0AD03	20	10		1007.17937488095	0.244734384630423	2241.256663
P0AD17	8	6		977.928420233333	0.458681509462759	2976.03178333333
P0AD19	14	5		1160.64151261905	0.956207792207792	2926.96516
P0AD59	12	9		841.410527435898	0.125004409171076	1730.17876888889
P0ADD2	9	5		1053.73767916667	0.686452081252081	2348.21493
P0ADD5	17	10		877.159790944445	0.0827518258186924	2206.422779
P0ADI4	23	12		748.8259153125	-0.459017340910723	1671.6514175
P0ADR0	9	3		1045.86679333333	1.19425366300366	2091.73358666667
P0ADR2	7	4		1211.11297966667	1.30818218240093	3177.927115
P0ADU5	12	6		560.342246666667	-0.499037166537167	1153.72608333333
P0AE74	14	7		772.843283571429	0.465933808127357	1545.68656714286
P0AE95	9	5		1034.07172097917	0.00205740267121348	2542.880614
P0AEA2	18	12		818.689159444444	-0.0683389921911594	1757.74463666667
P0AEA5	14	5		1228.36167690476	0.812490579909935	3246.51467
P0AEK7	23	6		1033.458596	0.971247456247456	2830.15658
P0AES9	11	3		1316.50345875	0.380868897348561	2860.79378333333
P0AET2	9	5		860.196288611111	-0.035024060906414	1785.673066
P0AF56	19	9		899.68596224359	-0.293322955911191	1891.89470222222
P0AF80	5	4		1006.87737527778	0.48686955764542	2212.8683525
P0AF82	6	2		747.3272325	-1.42214285714286	1494.654465
P0AFI5	26	14		703.288809166667	-0.185810499024785	1490.89748214286
P0AFL9	17	8		758.394637037037	0.22152997002997	1564.90202
P0AFQ5	7	5		989.4548959375	0.299505175983437	2577.113648
P0AFU0	15	10		671.48444051282	0.139580203021379	1446.84792
P0AFV0	23	10		852.034276969697	-0.0511150820283947	1916.199168
P0AFV2	17	7		867.189489015151	0.727594037615046	2043.63151857143
P0AG78	23	12		807.22366609375	-0.296929841672489	1690.27052583333
P0AGC0	11	6		899.733746547619	0.257786087369421	2228.31282166667
P0AGF6	24	9		787.602064455556	-0.389085198751865	1639.33501777778
P0AGM0	17	7		769.310441166667	0.354568070818071	2128.90114
P0AGM7	8	3		1379.58970929167	1.42507662835249	4428.83326
P0AGM9	10	5		1393.65800125	0.816936207779367	3479.231454
P10423	23	11		785.682813166667	-0.220365162318371	1785.88972090909
P12996	25	11		881.820617619048	-0.0205531673713493	1725.49145818182
P13033	15	9		906.984757607143	0.0264854548576657	2070.40077111111
P16430	14	5		1039.527422	0.174768826575723	2079.054844
P16431	21	13		796.00027075	-0.238299755799756	1697.30671538462
P16677	27	11		801.329237627451	0.00405784168892127	1650.74947
P16678	22	12		746.720264166667	-0.373635038450828	1619.64347916667
P16679	24	11		708.571704558824	0.102722025449298	1603.36966545455
P16682	18	10		1003.87969217949	-0.207295577461754	2090.626357
P17334	12	6		709.205911666667	0.396840520590521	1418.41182333333
P18200	10	4		1133.89368892857	0.554320164295393	4245.1433575
P18390	14	5		765.08917202381	-0.308123470732166	1600.406032
P18956	20	11		902.260037333333	-0.164250534270297	1809.17127818182
P21503	13	6		1218.6892175	0.885962190976105	2698.88795666667
P23256	17	11		928.369075364583	-0.0546998736199363	2068.52365181818
P23524	16	10		897.7343865	-0.0534916234436359	1795.468773
P23898	16	9		768.663771071429	-0.168514571847905	1584.67872222222
P25527	9	5		1041.13677444444	0.491540812011577	2603.93564
P25718	16	11		959.236779761905	-0.385976792202089	2170.78431454545
P25743	16	8		1025.09919981481	1.06702947272026	2052.84674125
P26458	13	4		1093.70619805556	0.595625	2165.3720275
P27297	32	11		723.024274305556	-0.284601757100013	1441.62539363636
P27844	11	6		842.018371785714	0.486702533577534	2261.035655
P28696	13	7		812.897618833333	-0.154936938878115	1695.97304142857
P30136	27	11		669.386962627451	-0.267850571731799	1403.98641909091
P30143	15	7		997.000605208333	0.449123369154425	2051.79375571429
P31125	8	4		941.852514722222	1.33802083333333	2667.7100525
P31133	21	11		924.265177564102	-0.0378621619925969	1878.83813909091
P31435	17	6		982.721846428571	-0.126587602212602	2198.73666333333
P31440	11	8		1039.10790666667	0.460442708333333	2126.84387125
P31462	16	8		1088.65596378788	0.803884629442195	2392.39575125
P31474	12	6		1182.20335444444	0.766122900088417	2577.01570166667
P31553	10	3		972.068345416666	1.04550406020994	2613.72933333333
P31679	17	8		1122.33461625	0.463535479236188	2244.6692325
P32108	7	5		874.128859055556	-0.00881469704999127	2421.453258
P32125	16	9		730.522835606061	0.100732939899607	1703.87555444444
P32670	15	10		964.680697990741	0.00355933841834845	2268.830257
P32676	11	6		796.254194047619	0.258374375517918	1589.798825
P32687	18	9		822.972777121212	-0.519847683181016	1625.58488555556
P32689	21	10		961.476355454545	-0.586924792567799	2033.58155
P32700	4	2		841.70955	1.22638888888889	1683.4191
P32712	19	5		982.725730476191	-0.058114478114478	2019.411632
P32714	15	9		852.083570705128	-0.0551367589525484	2502.92157555556
P32715	15	9		890.624016111111	0.69430175196257	2009.40843333333
P33024	14	8		951.189530333333	1.12632155919341	2017.612065
P33219	13	7		681.852430208333	-0.352124817538352	1419.12356428571
P33554	14	8		763.074828703704	-0.444763993316625	1478.72055125
P33590	20	14		698.87668622549	-0.399110905045779	1662.62111
P33591	19	7		862.604077142857	0.500651734377962	2112.99302571429
P33593	17	13		789.430052631579	0.242098234160024	1714.56937
P33594	27	9		732.526968522222	0.00688272783861015	1681.65297777778
P33934	16	5		1115.35480277778	0.705676767676768	2521.135804
P34749	20	10		978.267212111111	-0.111022874127976	2029.460423
P36647	9	6		1166.71265547619	0.293955849219007	2392.179025
P36837	12	8		1118.955408	0.65553877179047	2718.542605
P36881	14	11		694.870957976191	-0.142546897546898	1376.57712454545
P37146	22	11		853.289166410256	-0.263864415635515	1858.19787636364
P37180	10	5		1172.3477937963	0.659421309872923	3046.79034
P37387	24	9		910.395240166667	0.030929083388589	1866.93815222222
P37619	13	8		1079.67594416667	0.822248767436267	2829.72246875
P37631	18	12		865.556209464286	0.16773613961114	1824.32906916667
P37660	14	10		1106.29208291667	0.739856460397779	2395.546524
P37661	20	8		930.651813703704	0.955009757399463	1972.5776675
P37758	12	5		912.044429166667	0.0295846153846154	1967.605622
P38054	17	11		891.989419545455	-0.0386684922821287	1783.97883909091
P38055	20	9		980.233666666667	0.39437881449285	1960.46733333333
P38683	19	14		811.98730912037	0.0642124938553509	1702.43918214286
P39165	18	11		980.158718111111	-0.59608802680573	2098.35360454545
P39276	12	5		1205.81237702381	0.611560846560847	3794.345374
P39301	11	6		1110.09706495238	0.264705683205683	3169.41285333333
P39314	15	6		1350.18580357143	1.04323026212139	3065.11078833333
P39405	18	14		810.107422394737	-0.287056659027247	1809.98157714286
P39453	19	15		809.470195	-0.32991602674018	1618.94039
P40874	20	15		744.137492795454	-0.163829193899782	1553.894618
P42588	23	13		662.508231111111	-0.0410471956399559	1564.93391153846
P42590	11	2		1031.26643	0.347628458498024	2062.53286
P42592	23	11		811.2929046875	-0.721225949332901	1805.96446
P42598	27	12		709.628286715686	0.110187384782973	1539.69655833333
P42603	16	6		1103.92893194444	0.808388660339849	2668.876485
P42604	19	12		876.818867105263	-0.283495338995813	1813.2961225
P42616	19	5		611.800846	-0.602141131815045	1223.601692
P42640	17	8		970.255371	1.09738099551415	1971.5688325
P42911	18	7		888.049102083333	-0.0254985711962457	2013.01643571429
P43531	13	9		881.050280166667	0.181246696984683	1885.40186222222
P43667	9	5		1019.66278861111	0.799723039215686	2015.89403
P45463	21	17		709.103395144928	-0.170902194211018	1463.97573117647
P45468	15	8		963.518027222222	0.46529947123777	2220.4047225
P45751	11	7		976.521975530303	-0.102672731262593	2103.60373
P45753	24	14		655.984731491228	-0.132697381983096	1384.41827071429
P45767	17	10		1014.33620638889	0.712317464595809	2057.21039
P45768	18	9		854.120603782051	0.643227991144658	2014.51428
P46126	8	5		967.152986481481	-0.0770987179487179	2234.84654
P46136	11	3		1361.8339175	1.30744379276637	3728.36131
P46139	19	8		884.221340555556	-0.104240557456283	1917.863565
P46142	28	9		715.681538333333	-0.357599434409779	1431.36307666667
P46478	3	1		1211.28168	1.04193548387097	3633.84504
P50466	22	8		858.72154	0.0417079868231183	2392.56681625
P52005	24	12		845.023983894737	-0.242552092563057	1701.71372
P52107	9	5		719.289854444444	-0.307130434782609	1390.126228
P52599	24	12		534.814213333333	-0.431912578162578	1069.62842666667
P52636	19	9		1036.26468722222	0.629545030133265	2268.65007111111
P60061	10	4		1026.79470625	0.550104166666667	2053.5894125
P60778	13	1		1404.715165	1.552	2809.43033
P62395	15	6		928.559153409091	-0.185004276637341	2387.21655833333
P64426	21	12		858.6745540625	-0.0681282110132729	1765.31860583333
P64439	10	5		1010.98714796296	1.0479652173913	2499.894882
P64548	13	7		813.868510833333	0.621572871572871	1566.69147714286
P64550	12	4		815.40265625	0.247371031746032	1969.7080625
P65298	11	4		793.9080725	0.0802710333145116	1587.816145
P67153	11	7		1174.83092715	1.19155793086465	3132.98107285714
P67444	8	6		1248.21121291667	1.13686202686203	3578.71958833333
P67601	15	6		1019.097345	0.453165380371263	2315.57047333333
P68183	15	9		1094.4878325	0.683167927731547	2305.21843666667
P68187	23	11		816.765666519608	0.154753226829488	1768.26019545455
P68644	20	11		754.408988653846	0.192392153301244	1536.96384181818
P69739	16	9		958.75216	0.051872311799848	2016.77000666667
P69791	12	8		680.002045555555	-0.0869742716165414	1495.86558625
P69902	22	9		978.458399653846	-0.0802413040844413	2123.26255444444
P75733	21	7		850.583977083333	-0.506327803432586	2154.40950857143
P75734	12	7		693.191781875	-0.397636724386724	1444.27932714286
P75742	13	5		1184.39966321429	0.630635854341737	2719.791118
P75799	17	7		813.0093045	0.117736715898481	1925.54898285714
P75804	21	9		929.380414166667	-0.160078563411897	1948.42556888889
P75806	11	7		1085.78132821642	0.813429671966538	2944.10846714286
P75839	24	11		730.132769761905	0.176354713866676	1529.13408
P75916	10	4		1098.63338458333	0.989356275843671	2618.665675
P75920	18	9		959.509743430555	0.27419394200402	2185.35688111111
P75948	23	11		844.470322539682	-0.373025585525586	1926.24287636364
P76001	12	2		938.4405125	-0.710846560846561	1876.881025
P76010	21	12		735.648023235294	-0.144681605159546	1519.27972083333
P76135	21	12		823.672091127451	-0.0238870409274821	1790.882885
P76169	7	4		1287.19401266667	1.254625	2684.68224
P76198	10	4		880.975049583333	1.18989112594376	2103.1267225
P76214	19	11		758.749726730769	0.00133838383838377	1549.02413636364
P76221	16	6		845.686889285714	0.603443223443223	1642.52180166667
P76236	14	10		929.887901458333	0.621147846406467	2037.193177
P76249	15	8		700.499225625	0.635985081728616	1400.99845125
P76261	19	6		1042.73220425926	0.480584563260002	2285.20153166667
P76264	10	8		842.445681166667	0.38715100931677	1700.13931125
P76278	13	6		1095.01422774242	0.954102621742276	2688.43782
P76341	12	5		978.894530648148	-0.431994596420128	2499.074218
P76343	20	7		1103.28353135714	0.823466971849063	2537.27328857143
P76344	21	10		837.734821021164	-0.565494255260244	1946.813468
P76393	18	11		885.852420758333	0.113114782504317	2088.12440727273
P76421	26	10		838.471823944445	-0.0622837030835383	1859.826064
P76462	16	7		1090.61368166667	-0.277753034003034	2947.70692428571
P76463	19	13		856.782499901961	-0.121726209993473	1807.37137615385
P76466	18	10		862.544654294872	-0.370778152026501	1959.05666
P76518	18	12		900.546314768518	-0.135967261904762	1915.935405
P76552	10	3		803.904233333333	0.809090909090909	1607.80846666667
P76559	22	14		751.868307888889	-0.108410788557847	1539.06446214286
P76577	26	14		684.166407395833	-0.0558532340675198	1432.16624071429
P77214	9	4		931.872100875	-0.0128707184628237	2433.9786925
P77223	11	10		960.636155277778	0.268688842920979	2015.267023
P77239	24	11		841.831859090909	-0.051739667885913	1683.66371818182
P77269	22	12		784.769241666667	0.17598509183455	1569.53848333333
P77280	19	12		822.480930175439	0.30953476257864	1769.87834166667
P77328	10	7		1182.539795625	0.888489843489843	2593.21125857143
P77360	18	12		848.336230555556	0.0618672942661913	1856.2336375
P77538	18	10		964.649587416667	0.129408735930113	2230.022875
P77539	21	10		899.492058214286	0.236563692886061	1925.318011
P77579	13	7		901.134942916667	0.754982790770267	1875.83935714286
P78067	22	12		844.501727261905	-0.630763888888889	1813.82364333333
Q46755	17	8		785.895189375	-0.138535830999066	1571.79037875
Q46808	17	11		836.768122314815	0.238396700340043	1836.20087454545
Q46821	13	8		931.772321212121	-0.102054394801105	2224.44505
Q46858	22	12		752.291487892157	-0.151107520780845	1738.66544666667
Q46916	9	6		804.162898333333	-0.591119528619529	1808.89862166667
Q47142	18	10		906.763650595238	0.0625622059100318	1814.103171
Q47151	21	9		715.115199217949	-0.474975765381467	1603.54797777778
Q47702	25	12		714.234450641026	-0.291592972439747	1464.6377725
A5A616	2	1		1287.7413	1.31071428571429	3090.57912
A5A619	6	3		726.84614125	0.394047619047619	1622.52849666667
A5A628	9	4		912.217084333334	-0.356691919191919	1812.1319675
A5A630	5	1		401.21327	0.328571428571429	802.42654
C1P5Z9	5	1		931.02144	1.95	1862.04288
C1P614	4	2		932.99197	1.01111111111111	1865.98394
O32528	9	5		881.552921	0.00978353998387955	1763.105842
P02921	14	7		866.886062407407	0.502586302586303	1829.94728571429
P03825	13	7		760.53826125	0.0672802197802197	1440.88046857143
P03841	15	5		602.520978	-0.240974358974359	1205.041956
P05706	9	7		801.623234722222	0.040508658008658	1812.04561142857
P06609	13	5		999.478735	0.592216736328805	2249.353922
P08194	15	9		768.443634318182	0.135962401795735	2027.67436666667
P08369	18	11		943.436776333333	-0.101116068001799	1936.98951909091
P08372	10	6		826.413425833333	-0.524871145776318	1652.82685166667
P0A710	15	7		1029.537709375	0.66438097616669	2070.40978714286
P0A712	11	6		951.826047142857	0.978142306288858	2186.12748166667
P0A7C8	10	8		860.902279166667	0.74366707607808	1878.78655125
P0A7G6	22	12		794.347673571428	0.160881534043299	1650.16048166667
P0A8H3	8	3		1082.61706166667	0.365908464295561	3562.25550666667
P0A915	13	9		1018.84244202381	-0.058788093104285	2425.61936333333
P0AA57	10	3		998.229984928572	-0.0335389610389611	3243.99476666667
P0AA70	12	5		1194.561539	1.42649402628435	2943.636494
P0AA76	16	9		833.877471527778	0.220552451663563	1884.17151222222
P0AA78	17	6		866.022925833333	0.743796296296296	1732.04585166667
P0AA80	15	8		650.551418703704	0.140079365079365	1333.68122125
P0AAA5	5	2		888.1737975	-0.398641304347826	1776.347595
P0AAA7	13	9		907.469792575757	0.831311404644738	1923.96116333333
P0AAA9	11	6		899.790099259259	-0.357992281840966	2102.13531333333
P0AAD4	10	2		913.538050625	1.50994397759104	3234.319635
P0AAF1	9	3		1162.59317833333	0.764857142857143	2325.18635666667
P0AAJ3	23	13		658.042685096491	-0.169002297747237	1347.84854615385
P0AAR5	13	5		755.81197	0.835454545454545	1511.62394
P0AAR8	13	7		715.290776574074	-0.495767377463806	1323.37553142857
P0AAU2	9	4		684.441349666667	-0.0255006105006105	1455.4862475
P0AAV6	10	2		974.42339	-0.986309523809524	2554.600325
P0AAW5	12	5		1154.29620785714	1.04195555555556	2469.75461
P0AAX3	6	4		989.49909	0.414112487100103	1978.99818
P0AB31	5	3		1124.47910266667	0.501904761904762	2523.64662666667
P0AB35	20	8		869.648267222222	-0.255777245773376	1789.28609875
P0AB49	8	2		476.7171325	-0.745	953.434265
P0AB93	11	4		1192.24610733333	1.01102564102564	3346.5701
P0ABC0	10	7		920.885189285714	1.1838171818435	1841.77037857143
P0ABE5	15	6		1007.68879952083	0.555548639370791	2662.059685
P0ABL1	17	11		730.396944	-0.70863231812811	1688.33706636364
P0ABL8	11	3		1199.00874722222	0.984291666666667	2798.23925333333
P0ABN9	14	7		1038.99899145833	0.458813721495858	2676.76184
P0ABP3	11	6		1031.86490648148	0.774750630494732	2199.80225166667
P0ABW5	7	1		962.939775	-0.0850000000000001	1925.87955
P0AC94	11	5		919.166518666667	0.978020202020202	2263.436424
P0AC96	13	7		943.37384	0.820186014909396	2153.72410857143
P0ACA1	19	10		753.847319166667	0.189357644806174	1581.518852
P0ACW4	6	3		711.681783333333	0.458014354066986	1423.36356666667
P0ACY6	7	6		1059.16502	1.31809973337063	2534.62524
P0AD47	5	4		1040.66610406667	1.39162077773944	3620.9318875
P0ADA7	4	2		1334.915125	0.851363636363637	2856.471435
P0ADI9	10	4		1211.411936	1.12867840588092	3852.27339
P0ADJ5	9	3		803.610028333334	0.55059015059015	1607.22005666667
P0ADJ8	10	3		823.431315	0.40921052631579	1646.86263
P0ADK4	6	3		979.502316955357	0.389507154213036	3470.47939
P0ADL6	11	6		938.797095263889	0.525728049840626	2011.40866166667
P0ADM0	12	5		748.792922	0.300438095238095	1497.585844
P0ADM6	21	9		783.646627986111	-0.309833135274312	1664.35137444444
P0ADP5	11	7		1250.65824833333	1.16556221556222	2981.71789571429
P0AE16	15	11		854.496454545455	0.445647505099377	1708.99290909091
P0AE24	18	8		1251.3048725	0.858881766381766	2670.6575225
P0AE42	4	2		1228.82392444444	1.61958333333333	2543.50314
P0AE98	8	5		1062.86117805556	-0.282232885954625	2499.4279
P0AEB0	11	8		920.046666666667	0.558705383457539	2174.79534625
P0AET5	12	4		921.489112333333	0.759054487179487	1798.9517625
P0AEW1	13	8		992.530991944444	0.905264136246895	2204.08539125
P0AEX7	11	4		1026.96222416667	0.494022658192871	2487.8184925
P0AF32	14	9		949.942137102564	0.456349621330013	2174.44093333333
P0AF86	5	4		1007.88764895833	-0.259970238095238	2418.9303575
P0AFA9	15	8		971.634573712121	0.585587068160597	2656.65352
P0AFL1	14	8		1020.96409574074	0.743500502997454	2256.31727125
P0AFM4	15	6		671.756023333333	-0.670373376623377	1343.51204666667
P0AFP0	15	9		950.485384	0.926626512602123	2163.25555222222
P0AFR7	15	7		1174.49420166667	0.708785505430242	2801.59838285714
P0AFR9	14	9		1054.75829121212	0.806785512618846	2513.58834
P0AFU2	17	7		961.237348958333	0.146826254749391	1877.41905571429
P0AGC5	20	11		974.596738988095	-0.14288295038295	2005.66499636364
P0AGF4	10	4		1188.71263566667	0.549629629629629	2513.5329775
P0AGI4	12	5		879.774077	0.738602106227106	1759.548154
P0AGM2	11	8		957.387730833333	0.939333243749005	2516.4900725
P0CE44	15	7		950.555804537037	0.511397849462366	2016.04855285714
P10903	11	5		1018.20622444444	0.210670818070818	2131.277736
P11286	9	2		1178.88638	1.24813596491228	2357.77276
P11667	12	6		1170.77472277778	0.89342436214695	2553.16261833333
P16256	10	7		1263.60480928571	0.957768711234149	2527.20961857143
P16429	10	5		961.020260666667	0.857424603174603	2227.60567
P16683	11	6		1144.17599166667	0.857425387583172	2495.687785
P16692	17	11		861.65050118254	6.39457161196228e-005	2110.03195
P16701	13	5		1181.13353	0.993738150738151	2362.26706
P17994	18	11		914.732953137255	0.083292313247942	1981.00619181818
P19642	12	8		1217.22292796296	0.920446952743548	2880.40426875
P22729	12	7		994.249250092593	0.945035882421971	2200.04615142857
P23173	10	6		1096.0418575	0.738315142246365	2731.07577833333
P23482	12	8		1141.74322733333	0.952523472903907	2349.495625
P23877	14	9		872.254716111111	1.04790531931836	1744.50943222222
P23910	12	6		1202.10821260417	0.936810020580512	3135.66412333333
P24077	13	3		1088.52762555556	0.727517482517482	2772.14988333333
P24180	22	9		723.406867638889	0.243450345950346	1599.93861
P24181	10	6		903.790968333333	0.202994174942704	1807.58193666667
P24183	29	11		684.508980055556	-0.236339082900088	1503.89442636364
P24241	16	9		954.189951666666	0.826210623359746	2210.62372444444
P24244	3	1		1633.36781	1.49259259259259	3266.73562
P25549	12	8		936.951962277778	-0.489463354047913	2180.55178
P25747	19	10		991.600864666667	0.705589316173357	2106.937983
P26218	21	11		789.829032222222	-0.572194232970095	1551.48164363636
P26266	27	11		774.242039444444	-0.00214429407276527	1478.30258545455
P27254	20	12		794.831950637255	0.285366577866578	1763.30951
P27835	15	9		1275.362609	1.24039720780579	2572.14673111111
P27842	14	3		1029.47820125	-0.270252525252525	2210.37315666667
P28303	11	7		989.247125520833	0.971135468541484	2475.06476142857
P28307	7	4		1095.92737933333	-0.790264976958525	2220.752115
P30015	27	15		616.259664298246	-0.0242989700930878	1294.47403933333
P30855	19	11		817.017409029412	-0.137785932120348	2018.03312090909
P31058	14	6		1337.35995880952	0.0504716280451574	3003.27868
P31121	2	2		1158.53136316667	-0.10948275862069	3774.84413
P31122	12	9		892.007801111111	0.987807208203194	1864.47346
P31126	13	5		925.888939	0.543158508158508	1851.777878
P31130	14	6		775.213768809524	-0.0349702380952381	1616.298095
P31131	14	9		876.108852272727	0.131031368934182	1703.83733222222
P31135	11	7		784.900872592592	0.815738034344172	1667.08478
P31436	16	7		1114.03860185185	1.0363169883338	2414.42688571429
P31441	15	8		1013.87620647436	-0.0898863308192352	2205.21370625
P31442	16	5		1183.25638261905	0.575850917616622	2663.981438
P31446	11	4		842.22682875	0.339553471890428	2025.7937375
P31448	14	8		1147.23408796296	0.663112645205036	2859.4034925
P31459	16	12		816.642359421569	-0.127335088330728	1884.017165
P31468	10	5		1056.5615675	1.43991980788091	2605.656632
P31471	16	11		924.42870921875	-0.146453724493318	2004.54250363636
P31549	13	7		888.759983095238	0.472295251332518	1985.33983428571
P31675	11	8		1073.06433296296	0.614527187671045	2164.3431925
P31826	22	10		726.237480972222	0.114253854332802	1542.135629
P32128	19	11		933.183617777778	-0.0992704191233603	1950.14674727273
P32136	17	7		1060.61183888889	0.3429120905024	2281.71793428571
P32137	15	7		1098.58288111111	0.465090779595904	2370.50002285714
P32151	22	10		942.248549230769	-0.555983666716425	1932.059824
P32154	14	6		1028.04304857143	0.219303085199824	2390.37551666667
P32155	11	7		937.821211111111	0.0489799615498373	1991.70309428571
P32167	23	10		796.625400576923	-0.249002164502165	1691.05801
P32668	21	11		806.107018452381	-0.303158616982146	1672.37849181818
P32672	10	5		1044.84134261905	0.820399760083971	2430.493308
P32688	19	14		822.871299583333	-0.18694397659683	1643.62675285714
P32701	20	13		725.951228921569	-0.212262909504289	1447.58101769231
P32709	13	9		1004.953025	0.685773336703259	2558.05241333333
P32710	11	6		1060.21736527778	0.654733283295939	2676.57917166667
P32711	9	5		1015.68750972222	0.0863821465890432	2572.929412
P32716	23	13		723.028240595238	0.0987551764474841	1486.22904538462
P32717	24	13		727.491903372549	-0.15301787506241	1569.10630384615
P32720	12	5		805.122371	0.675082828282828	1947.826158
P32721	25	13		692.462841222222	0.324739107046799	1420.82253461538
P33013	19	11		794.508190427083	-0.196638113204319	1960.22693272727
P33021	15	7		1052.08231583333	1.22386574015865	2117.45928285714
P33025	19	12		872.867328928572	0.414342486348435	1689.4627125
P33026	13	6		1034.82397041667	0.68728687978688	2619.85814333333
P33128	25	9		806.912578181818	-0.0880133836274188	1598.56706
P33129	14	11		828.917589305555	-0.630689457601222	1939.99740272727
P33231	11	4		871.3372	0.608441558441558	1742.6744
P33354	19	8		739.68799875	0.213627729500891	1479.3759975
P33359	10	1		758.46174	1.48666666666667	1516.92348
P33361	12	8		1177.465328	0.829485019707096	2575.2620575
P33369	18	9		1007.4597795	-0.170728274061607	2346.81218666667
P33634	26	13		754.501308125	-0.137265621131006	1538.46262461538
P36554	10	5		1160.7058365	0.681833333333333	3006.158534
P36560	13	2		949.431345555556	-0.148181818181819	2335.70591
P36646	18	8		916.185644444444	0.364849719623994	2199.26634
P36682	13	4		1078.33246097222	-0.00532760472610092	2829.1833125
P37016	12	6		1175.55382690476	0.365541101410667	2421.69206833333
P37017	17	3		624.446573333333	-0.411910774410774	1248.89314666667
P37018	16	9		878.107456333333	-0.442147379369602	1830.10665555556
P37050	14	8		782.6019575	-0.209437444739169	1596.66324625
P37056	19	12		895.455298888889	-0.132796510538446	1816.31107166667
P37197	23	13		743.236493583333	-0.296742805689294	1578.76465846154
P37305	7	3		809.41859	0.77013045434098	1618.83718
P37443	16	8		915.479245208333	0.177143141444612	2284.89885875
P37614	8	4		973.419395944445	0.568492063492063	2189.6958075
P37621	11	6		1018.95191958333	0.269319031134669	2974.93879166667
P37630	8	3		870.1781041	0.826262626262626	2196.79355
P37643	11	5		943.398747809524	0.369334759358289	3036.173176
P37653	24	10		715.65564375	-0.168545634920635	1438.039215
P37657	21	12		911.710493564815	-0.213321759488732	1914.93674333333
P37662	16	9		1005.99030518519	0.371611621646709	2202.82050222222
P37663	11	2		1023.80939166667	-1.27853535353535	2457.14254
P37669	15	10		1061.80109097222	0.62745576418943	2417.270066
P37674	9	6		991.33424	0.681840062111801	2002.76609
P37675	10	6		1132.83862864583	0.680263876570306	2551.01429833333
P37676	25	10		858.143830555556	-0.0737723246287763	1820.296706
P37681	13	10		1058.05151916667	-0.36675072403858	2380.4256
P37682	27	9		961.590092595238	0.0221074383443199	2066.58302777778
P37683	28	9		864.508241388889	0.122105933282404	1796.49437777778
P37772	12	5		1144.17772857143	1.02696010724796	2504.921996
P37909	12	6		867.02367462963	-0.0142424912548752	1893.93885833333
P38052	10	4		1202.64420125	0.249091327352197	2815.901345
P38101	10	5		1310.19930611111	1.06288944379162	3758.4088
P38105	19	7		966.357713555556	0.0916754248065903	2687.06371714286
P39196	14	8		917.390997666667	0.533098959916322	2208.9040625
P39263	11	6		778.761186666667	-0.0166438633829939	1716.87154333333
P39265	22	13		742.297242307692	0.0690274660112716	1484.59448461538
P39277	9	1		703.050970555556	0.226315789473684	1946.91038
P39282	9	4		1121.853469	0.386593275913213	2411.9504525
P39295	23	9		723.06809439394	-0.519579124579125	1496.70595666667
P39328	11	5		846.122700666667	0.624123954476896	1946.25175
P39338	14	8		944.545571212121	0.444683876811594	2333.0536375
P39344	8	5		1114.56249866667	0.96068697968698	2568.972428
P39346	18	13		774.319791819445	0.0466576249863938	1768.46172
P39414	12	6		841.109074047619	-0.0514650383141763	1827.080035
P39832	11	6		1235.70689071429	1.40695880365797	2795.20728333333
P40876	20	13		855.083029375	-0.0914114132581874	1730.06077538462
P41036	19	8		987.87872	0.46155495852187	1975.75744
P42615	12	5		912.801745766667	-0.0996098104793756	2191.911128
P42619	8	4		1085.467703	0.994129464285715	2125.8765425
P42630	17	11		849.182905158334	0.158169351796216	1981.98806
P42905	4	3		1212.18800388889	0.58628663003663	4493.06627666667
P42910	9	4		1261.228736	0.786178451178451	2687.653615
P42912	20	13		822.27569075	-0.223115384615385	1659.30543461538
P42913	12	7		851.844481851852	-0.0722138215734274	1743.86370571429
P42914	25	14		743.697399333333	-0.173283008762332	1464.38432285714
P42915	23	9		997.569133148148	-0.563505116959064	2153.80949777778
P43319	15	9		928.550409444444	-0.213250360750361	1930.82709555556
P43340	17	10		754.658129940476	-0.319682324211736	1903.319347
P45394	12	9		953.137335666667	0.934499321976439	2183.56158222222
P45425	17	10		726.947996245098	0.231425283050283	1568.317976
P45428	15	8		1031.8655	0.722508081896552	2222.17793625
P45508	10	4		818.89125125	-0.237053571428571	1637.7825025
P45539	11	6		958.95687	0.922340425531915	2309.92467333333
P45546	12	6		1031.43084545455	0.669909956880534	2343.38417666667
P45570	12	9		839.504937435897	0.753878877040401	1959.02263333333
P45750	16	6		553.525483333333	-0.626260822510822	1145.38029666667
P45804	16	8		1054.24076648148	0.485332912457912	2301.84193
P46119	8	1		695.775695833333	-1.07857142857143	1669.86167
P46125	21	9		687.361961666667	0.163928170594837	1374.72392333333
P46133	11	9		866.833642424243	0.587556539915875	1878.78287333333
P46144	20	14		763.505234966667	-0.344726315351315	1640.58838571429
P46481	18	11		832.204530641025	0.55023088023088	1741.08842636364
P46923	20	11		765.674216217949	-0.293015292274051	1851.92581727273
P52600	12	4		1075.08823625	0.614026253918495	2150.1764725
P54745	21	12		721.814834642857	-0.0656208990767815	1767.21652333333
P55140	18	9		877.12906935	0.0261066712662917	2028.33432111111
P55914	5	3		1139.40055041667	1.17590804597701	2600.37885666667
P56100	2	1		1427.39374166667	1.03870967741935	3425.74498
P56579	11	7		988.620439722222	0.368471432862189	2611.06403142857
P56580	16	10		742.73273530303	0.0710801580600342	1526.284075
P56976	2	1		1211.07340375	0.55	4152.25167
P60844	9	4		1470.03297291667	1.0948935207886	4508.869055
P60872	14	7		922.14132775	0.533892253675664	2583.56043714286
P63235	11	6		954.876492142857	0.370598394660895	2052.41259833333
P64442	3	3		760.667830333333	0.537575757575757	1924.34465666667
P64453	3	1		1244.29223027778	1.06206896551724	3445.73233
P64459	9	6		622.523620714286	-0.725526094276094	1212.760265
P64471	5	2		947.781131111111	1.24395604395604	2289.70553
P64536	8	3		1207.12264833333	0.833650793650794	2414.24529666667
P64592	8	3		933.13912	0.333680555555556	1866.27824
P64614	8	4		852.878823666667	-0.0606474665685193	1885.9181975
P64619	6	2		620.0394125	-0.733333333333333	1240.078825
P64622	4	3		1133.98549916667	0.399010217113666	2355.84576
P64627	6	2		818.960914583333	0.496726190476191	1965.506195
P64634	18	11		692.392762916667	-0.34545579939965	1546.72737
P64646	4	1		1145.6460375	1.65217391304348	2749.55049
P65290	14	7		857.810459285714	0.120304473304473	2103.61566714286
P67127	16	8		820.472686833333	0.796285714285714	1683.40487625
P67143	12	5		1011.372939	1.69500907441016	2022.745878
P67729	10	5		1320.71610305556	1.16045637153969	3605.194066
P69210	7	4		1213.20316133333	1.52978324915825	2519.395045
P69212	7	4		1052.94484875	1.07677536231884	2105.8896975
P69367	19	8		1027.24367055556	0.767206370388446	2333.34821875
P69432	13	4		984.943665714286	0.0651086956521739	2173.3625025
P69681	11	5		1239.99968938095	1.11464912280702	3563.688684
P69795	10	4		904.172341666667	0.384789067142008	2070.341
P69808	8	4		1076.44890527778	-0.0767121212121212	2208.3425575
P69816	12	4		901.984277333333	0.394810744810745	1825.91543
P69820	12	6		993.510481666667	0.0210588076316977	2398.51963166667
P69824	9	7		960.91800425	-0.0245666934485393	2257.12630142857
P69826	12	5		1260.5492702381	0.822329702181876	3168.67362
P69937	6	5		1052.686721	1.10616149068323	2105.373442
P75620	7	4		729.309292	0.811156417112299	1601.31916
P75712	14	4		724.63269875	0.689722222222222	1449.2653975
P75715	11	7		1164.42530481481	0.0522957994386566	2720.47385
P75737	16	8		753.539001666667	-0.709746156621157	1509.83727
P75747	8	6		1054.11487138889	1.01246605461722	2614.06287166667
P75748	18	11		857.542442777778	-0.240183339109485	1968.84966363636
P75750	20	11		850.724324523809	-0.307163013753923	2029.35331363636
P75757	14	7		999.964648069444	0.499345938105336	3121.67252571429
P75769	13	8		978.557256583333	0.171806981101336	2230.53566375
P75770	21	8		1007.361833125	1.02657526026605	2203.698825
P75788	14	10		1010.8633574359	0.811434313169127	2238.89847
P75810	12	4		1238.446625625	0.493390931102795	3207.663725
P75835	13	6		997.974841208333	0.277967171717172	2834.64637166667
P75851	14	8		1166.1662425	0.972620879198719	2570.90758
P75855	9	7		832.843823571429	0.221333310652196	1665.68764714286
P75856	24	15		717.166413666667	-0.00820875420875424	1434.33282733333
P75857	20	12		810.622684305555	-0.256343882365622	1872.08806333333
P75858	16	10		834.114042333333	-0.148117887624467	1801.758959
P75859	9	1		1368.88205125	0.704651162790698	4693.30989
P75860	10	8		815.85054	-0.185184294871795	1573.299945
P75892	11	6		919.123585476191	0.927327761744428	1978.876705
P75917	7	3		843.841116666666	0.280729166666667	2826.07225333333
P75955	14	10		1061.50351409722	0.788792484397323	2488.187565
P75961	15	9		946.117680892857	0.357685251870746	2326.56682666667
P75962	10	6		900.1610065	0.141927248677249	2450.56308833333
P76011	5	1		978.56842	2.01666666666667	1957.13684
P76017	14	5		1038.77464638889	-0.162027777777778	2367.181452
P76037	11	5		1202.55977777778	0.618246006866696	2683.04554
P76042	23	8		788.120276	-0.14989360516934	1668.32704
P76043	22	9		750.216113888889	0.0518695502028835	1551.10181777778
P76045	17	14		839.030491574074	-0.697672818573105	1811.47242714286
P76097	20	11		833.467177388889	-0.225990453566761	2034.62911454545
P76103	8	2		974.703424444444	1.27886710239651	2337.7624
P76108	22	12		886.784176845238	-0.260929903429904	1783.2904925
P76111	7	4		1208.42154	1.28106227106227	2416.84308
P76118	6	4		908.106076666667	0.82125	1869.21473
P76128	23	11		842.745150611111	-0.349294623726442	1770.34673636364
P76136	7	2		1228.92115	0.929545454545454	2457.8423
P76142	19	7		870.517965740741	-0.108216587088768	1882.21567285714
P76146	22	13		720.890908240741	0.501222879684418	1541.60192384615
P76172	6	3		1024.833533125	-0.0512820512820512	2506.56007333333
P76175	12	7		1088.93813366667	0.882322868953994	2227.44596142857
P76180	9	4		732.915653	0.693891806722689	1535.6073175
P76186	12	7		754.923161481481	0.0575763638788847	1567.22309714286
P76190	39	9		646.459561363636	-0.226827741501655	1308.08697222222
P76194	16	7		834.530590185185	-0.268395170640439	1697.70550714286
P76219	14	5		814.645097976191	0.674186813186813	1948.069374
P76220	20	14		719.242417395833	-0.261198363727776	1493.575325
P76224	9	4		975.823195	0.999358974358974	2319.25213
P76226	11	5		665.697778571429	0.207501526896876	1832.823488
P76227	6	3		923.299243333333	0.0622222222222221	2921.45669666667
P76228	20	12		855.819664111111	-0.172111326173826	1901.0019225
P76230	19	9		1102.96761569444	0.450383040935672	2355.09948555556
P76242	14	8		836.070073518518	0.668698483975702	1778.85891125
P76296	18	9		707.686258666667	-0.703306878306878	1331.10356444444
P76308	7	4		906.403893229167	0.3934375	2620.794845
P76334	13	6		916.673536458333	0.321345029239766	1864.59778166667
P76342	21	13		771.863817125	-0.288886063329383	1646.66622769231
P76347	17	7		796.83861735	-0.301686315551862	1543.59126714286
P76352	15	5		1015.95018535714	0.868491956241956	2539.76944
P76417	14	3		1295.00808	1.30484722222222	2590.01616
P76423	11	8		974.810208692063	0.261367289830912	2807.64371
P76460	14	4		1114.27750083333	0.423787878787879	2475.2350375
P76464	21	8		791.004670454546	-0.635244443056943	1692.34441875
P76470	17	5		981.104485	0.553136147186147	1962.20897
P76474	8	4		1354.98771333333	1.41990541187739	3172.6903375
P76498	15	9		895.033246	0.0371972934472934	1728.17247777778
P76499	14	6		1036.50601277778	-0.0949369636211742	2292.62494
P76500	11	7		927.64089725	-0.285613165644125	2275.23736571429
P76501	11	7		1016.400845625	0.0143712991988854	2046.57781
P76520	21	8		744.863795625	-0.3647321863687	1489.72759125
P76521	2	1		414.192335	0.328571428571428	828.38467
P76562	20	12		827.160396083333	-0.0612069564526434	1847.83895833333
P76573	26	7		746.853541428571	-0.994229691876751	1493.70708285714
P76655	17	12		859.34961175	-0.467667716207811	2086.43496333333
P76657	10	5		1111.41239274524	0.429641562384983	3938.042728
P76773	22	13		821.745717280702	-0.572087634587635	1781.23070153846
P77031	14	10		856.981956212121	0.251876949847538	1797.918217
P77156	13	8		928.4628725	0.733519952141082	2198.54934375
P77172	17	7		963.828336428572	0.0828615317094578	2429.28131428571
P77196	19	12		877.413544	-0.68485118376112	1885.72429333333
P77211	21	9		760.630766666667	-0.566938673617595	1655.70264333333
P77231	17	12		854.640727944445	0.0211596355714003	1916.0504125
P77249	24	14		777.67872	0.0246826123611837	1511.44328285714
P77256	22	13		744.598766	-0.0240087178543799	1678.69554153846
P77268	22	12		859.64193047619	0.23206961486083	1883.7000725
P77288	16	5		737.816055833333	-0.47287037037037	1500.903986
P77294	13	8		782.833090416667	-0.226484211040897	1753.00508
P77306	21	13		795.361695	-0.0963774225984852	1667.15006846154
P77308	15	10		1012.66205265476	0.482868158801982	2346.767523
P77315	11	4		983.274889166667	0.684700292397661	2300.485845
P77316	21	11		839.561792525	0.137859444195651	1913.22593545455
P77329	21	15		764.808806825397	-0.304562165184591	1546.82965266667
P77339	23	14		778.127122142857	-0.417343100263581	1556.25424428571
P77375	22	14		740.683036125	-0.374485646522668	1533.42769
P77389	11	7		1271.42035981481	0.902053900228968	2717.73438714286
P77400	9	5		1002.1983835	0.771183261183261	2262.214508
P77409	15	6		1043.91624315152	0.309381023914942	3035.06057833333
P77416	12	7		1147.084008125	0.624555555555555	2525.64095285714
P77437	7	5		1322.272107	1.00583636363636	4001.128142
P77463	17	6		849.425745740741	0.188691991416449	2238.18230833333
P77468	16	10		879.199065166667	-0.738694805194805	1906.707805
P77519	14	3		897.368729	-0.566086956521739	1938.92837666667
P77588	14	8		913.837886875	0.28713141025641	1827.67577375
P77599	26	14		701.415907222222	-0.133149180184894	1427.659395
P77610	11	6		781.607869833333	0.0248378010878011	1887.454645
P77622	18	10		771.681021666667	0.0631589711458132	1938.312737
P77716	12	5		913.566910277778	0.624444444444445	1936.02501
P77733	24	13		755.450866375	-0.34775935047726	1677.88998769231
P77789	11	9		889.85110525641	-0.0990282177907492	2275.44654111111
P77795	15	8		972.593239416667	-0.0598630000245713	2047.90487875
Q06067	9	3		519.343678333333	-0.751082251082251	1103.87128666667
Q2EES1	12	5		884.602153095238	0.424162491919845	1866.722022
Q2EES6	13	3		581.490599166667	-0.212857142857143	1183.57196
Q2EET2	14	5		548.862447222222	-0.434549062049062	1143.57736
Q2M5U1	10	5		816.216593452381	-0.297827260458839	1763.20925
Q2M7M3	9	3		751.052511666667	0.149158249158249	1502.10502333333
Q2M7X4	7	4		764.205265	0.47145979020979	1704.9090325
Q46831	21	10		732.473147261905	-0.0616040733432374	1639.048809
Q46834	12	7		887.995621666667	-0.37312591703348	1760.89028285714
Q46863	17	8		645.871822348485	-0.311150263135557	1370.52958625
Q46867	15	6		511.67554	-0.773974867724868	1023.35108
Q46888	17	12		851.041457205882	-0.0478939075630252	1929.79715
Q46892	19	14		768.99214312	0.0269543363632118	1638.40012928571
Q46909	20	8		785.055958541667	0.266859585558098	1676.37635
Q47377	20	13		750.733527222222	-0.426592510054049	1643.71291615385
Q47534	22	8		891.14040375	0.655538194444444	1782.2808075
Q47706	15	6		615.728599166667	-0.139218073593074	1231.45719833333
Q6BEX0	13	2		453.9342425	-2.35714285714286	907.868485
Q6BF25	2	1		1204.30118	1.203125	3612.90354
Q6BF87	11	3		816.145250416667	-0.141144781144781	1969.61754666667
P77667	23	9		818.798809166667	-0.384921555179658	2055.23368888889
P27242	29	17		604.139717896825	-0.0225736191912663	1241.21377705882
P06993	20	13		837.456371574074	-0.145354711504888	1768.34653769231
P52696	24	12		639.63571202381	-0.208988638676139	1318.83884083333
P15078	15	8		1021.37851016667	0.762697285353535	2538.84713625
P0AEC8	23	13		716.279603214286	0.0428938432651791	1567.67227384615
P11551	10	4		1051.07543633333	0.135458605156881	2427.7956975
P77858	17	9		857.643472727273	0.415088339783902	1799.49261555556
P77672	17	11		909.550533611111	0.173198119265105	1947.53273454545
P0AFS1	9	3		821.621978333333	0.700883838383838	1643.24395666667
P0AF01	19	10		1036.03968621212	1.05386778499278	2080.436633
P0AFA5	18	11		915.372787738095	-0.0465951012097257	2063.64812454545
P0AFF4	11	5		1277.0657155	0.761514102564103	3099.627546
P76425	12	6		1002.59668492119	0.564572840018593	3341.67525333333
P45562	13	4		1118.05585208333	1.25782302664656	3003.5958575
P75763	11	7		1055.741109375	0.940098708079004	2253.90271571429
P76197	11	4		542.9079575	-0.261372863247863	1085.815915
P0ABD1	10	4		1083.96089692857	1.06165271132376	2798.9934275
P27843	8	3		918.040914444444	0.611050724637681	2434.62214333333
P39284	7	5		1118.953782	0.575840548340548	2237.907564
P39838	19	11		765.703430666667	-0.262761122450118	1695.66377272727
P0AFM9	8	4		923.988131944444	-0.316335009578544	1877.9831075
P0ABC3	31	10		791.202079722222	0.0823123973727423	1678.862109
A5A605	12	4		965.562701666667	0.461159090909091	2248.1401125
A5A624	5	2		703.40635	0.904861111111111	1406.8127
P77494	6	3		802.442004166667	0.57056277056277	1560.17631333333
P76482	16	10		714.284492847222	-0.380527167277167	1672.928213
A5A615	3	1		1105.61918	1.815	2211.23836
A5A618	2	1		1160.20138	2.2	2320.40276
C1P609	3	1		1219.77652	2.7	2439.55304
P77381	21	12		914.86831375	-0.172074689978835	1943.7893775
P77359	21	12		774.174696444445	-0.558869588720931	1584.16815666667
P75711	14	5		558.971261388889	0.246893939393939	1161.031674
P45848	21	8		888.443126785714	-0.390876299877659	2014.97373125
A5A617	4	1		980.584075	2.39411764705882	1961.16815
Q46901	16	11		838.712495882353	0.300203921560011	1843.65851454545
P45545	17	12		861.534469270833	0.188014911696304	1831.5205225
P75800	25	15		728.907362962963	-0.148691293891294	1474.00471866667
P75786	15	4		507.39883	-0.101792929292929	1065.0586
A5A612	9	2		705.629825	0.832142857142857	1411.25965
Q46942	16	10		797.571866515151	-0.00338714209766849	1608.189961
P76481	22	13		833.711134166667	-0.535431728249454	1716.61740538462
P0AAG3	26	8		795.732231060606	-0.145654952686203	1590.04033125
P77257	23	12		783.086677685185	0.220755671797338	1603.59654666667
P09833	23	13		737.063341354167	0.0537778553163168	1599.29718692308
P31060	20	13		802.025781428571	-0.196418974816034	1633.4364
P0AFV8	12	4		544.4311975	0.463827838827839	1088.862395
C1P605	6	2		509.217385	-0.706944444444444	1018.43477
P76639	17	10		912.351247555556	0.107271632581977	1886.956716
P0ACG4	5	2		780.688345	1.30684523809524	1561.37669
P28721	16	8		863.158163083333	-0.168999659423179	1661.6827575
Q46943	18	9		962.234920333334	0.508225900773439	1902.98853555556
P0AEE5	25	14		697.602350416666	-0.361700532650478	1416.33729571429
P0AEG4	17	11		828.483536571429	0.0817052360050499	1787.78768272727
P37329	21	15		686.808470882353	0.0585038197097021	1429.456994
P33342	23	12		780.3706325	-0.132228206734786	1676.77460166667
P28722	24	11		824.043108111111	-0.183230228552809	1655.75996818182
P37325	20	14		816.515941041667	-0.209853940079283	1643.54582714286
P76394	16	9		745.991428333333	-0.3448889591562	1649.24169888889
P33340	10	7		900.156193125	-0.0136526832955404	2176.08602
P33343	15	7		864.565475714286	0.0505502227241358	1729.13095142857
P33344	7	4		1074.21801266667	0.125813834154351	2156.308335
P77619	23	13		762.790042708333	-0.275485532011848	1533.91878076923
P64534	10	6		809.089543333333	-0.508291893291893	1794.53202
P31600	27	13		646.312516428571	-0.440452709683479	1242.23981230769
P06129	16	10		980.555595902778	0.0463637502848029	2187.881487
P06996	18	8		803.042895185185	-0.529500622163666	1699.0474825
P33341	20	12		869.854482948718	-0.516451070300529	1861.6466675
P33666	12	7		1085.04433675	-0.48675726504919	2486.04838571429
P77286	16	7		993.043593055555	-1.02770937082967	2390.53930571429
P45564	17	9		984.632533333333	-0.536287656967942	2219.16695555556
P0ADB4	5	2		713.1514525	0.496381578947368	1426.302905
P77296	18	8		827.010517628205	-0.410991234149129	1965.96088625
