Entry Name	Total #Tryptic Peptides	# Detectable Tryptic Peptides	Detectable(%)	mean m/z	mean gravy	mean mass
P0A996	27	16		684.236286208333	-0.247280545954941	1300.886408125
P13033	15	9		906.984757607143	0.0264854548576657	2070.40077111111
P0A9C0	23	13		806.391744403509	-0.0153509738125123	1614.42478461538
P76463	19	13		856.782499901961	-0.121726209993473	1807.37137615385
P0AB85	19	12		748.170081666667	-0.202743813791726	1571.4497075
P05050	17	12		825.438965131579	-0.0901607178697006	1772.37918583333
P0AAL3	26	15		668.612160588235	-0.0993781423255107	1363.53723066667
P33934	16	5		1115.35480277778	0.705676767676768	2521.135804
P0ABL3	12	4		881.55301875	-0.466454545454545	2115.727245
P0ABL5	26	10		687.437709166667	-0.753955026455027	1506.378776
P0AFU0	15	10		671.48444051282	0.139580203021379	1446.84792
P02932	24	12		804.841401794872	-0.819890797859548	1674.18379666667
P0AA99	23	12		775.326508333333	-0.317422633947196	1755.20726916667
P0AD59	12	9		841.410527435898	0.125004409171076	1730.17876888889
P0ABG1	15	4		1170.04972138889	1.2041059997607	3242.2192925
P0AD19	14	5		1160.64151261905	0.956207792207792	2926.96516
P0AFI5	26	14		703.288809166667	-0.185810499024785	1490.89748214286
P76421	26	10		838.471823944445	-0.0622837030835383	1859.826064
P76393	18	11		885.852420758333	0.113114782504317	2088.12440727273
P32057	23	13		762.011967592593	0.0246010954989282	1633.74453230769
P77377	13	7		971.639625583333	0.914781992507148	2887.14321142857
P36881	14	11		694.870957976191	-0.142546897546898	1376.57712454545
P62395	15	6		928.559153409091	-0.185004276637341	2387.21655833333
P0A754	11	7		862.4729539375	-0.208122552051124	2573.25700571429
P0AA47	10	4		1009.10623133333	0.124564544650751	2315.671085
P76344	21	10		837.734821021164	-0.565494255260244	1946.813468
P76341	12	5		978.894530648148	-0.431994596420128	2499.074218
P02924	26	14		677.210712291667	-0.140821866625438	1356.10225857143
P30143	15	7		997.000605208333	0.449123369154425	2051.79375571429
P39405	18	14		810.107422394737	-0.287056659027247	1809.98157714286
P0ADD5	17	10		877.159790944445	0.0827518258186924	2206.422779
P0ADD2	9	5		1053.73767916667	0.686452081252081	2348.21493
P18390	14	5		765.08917202381	-0.308123470732166	1600.406032
P09348	16	6		905.732289319728	0.566502277314133	2749.57725666667
P0AF06	22	15		697.492642058824	-0.407908173525821	1428.10946066667
P76297	12	7		886.023263125	0.0564949633699633	1699.58943285714
P33219	13	7		681.852430208333	-0.352124817538352	1419.12356428571
P76278	13	6		1095.01422774242	0.954102621742276	2688.43782
P0AD03	20	10		1007.17937488095	0.244734384630423	2241.256663
P67601	15	6		1019.097345	0.453165380371263	2315.57047333333
P76261	19	6		1042.73220425926	0.480584563260002	2285.20153166667
P76249	15	8		700.499225625	0.635985081728616	1400.99845125
P39314	15	6		1350.18580357143	1.04323026212139	3065.11078833333
P0AF82	6	2		747.3272325	-1.42214285714286	1494.654465
P0AF80	5	4		1006.87737527778	0.48686955764542	2212.8683525
P77280	19	12		822.480930175439	0.30953476257864	1769.87834166667
P38055	20	9		980.233666666667	0.39437881449285	1960.46733333333
P76221	16	6		845.686889285714	0.603443223443223	1642.52180166667
P76214	19	11		758.749726730769	0.00133838383838377	1549.02413636364
P17334	12	6		709.205911666667	0.396840520590521	1418.41182333333
P69791	12	8		680.002045555555	-0.0869742716165414	1495.86558625
P23898	16	9		768.663771071429	-0.168514571847905	1584.67872222222
P0AAL6	20	9		913.1588005	0.0874613570885314	1902.65519888889
P0AAE8	8	2		1364.768035	1.11630434782609	3679.420865
P39276	12	5		1205.81237702381	0.611560846560847	3794.345374
P60061	10	4		1026.79470625	0.550104166666667	2053.5894125
P16682	18	10		1003.87969217949	-0.207295577461754	2090.626357
P32715	15	9		890.624016111111	0.69430175196257	2009.40843333333
P0AF56	19	9		899.68596224359	-0.293322955911191	1891.89470222222
P0AAK7	26	10		775.58976051282	0.0629213184476342	1604.355244
P0ABK9	26	12		801.35385712963	-0.521401073911155	1628.18634916667
P32700	4	2		841.70955	1.22638888888889	1683.4191
P09836	18	10		859.459059404762	0.367882872846108	1750.295815
P0AGC0	11	6		899.733746547619	0.257786087369421	2228.31282166667
P0AFV0	23	10		852.034276969697	-0.0511150820283947	1916.199168
P77223	11	10		960.636155277778	0.268688842920979	2015.267023
P23256	17	11		928.369075364583	-0.0546998736199363	2068.52365181818
P0ACX0	8	4		1257.64609233333	1.5500728021978	2652.1845125
P0AAE5	13	6		959.000642083333	0.967877184543851	2042.61508
P43531	13	9		881.050280166667	0.181246696984683	1885.40186222222
P0A6E9	18	9		682.581729545455	-0.0274881545469782	1762.71266222222
P76169	7	4		1287.19401266667	1.254625	2684.68224
P31125	8	4		941.852514722222	1.33802083333333	2667.7100525
P02943	18	9		1084.10367402778	-0.29046083795709	2275.72573
P68187	23	11		816.765666519608	0.154753226829488	1768.26019545455
P02916	18	8		739.6043625	-0.585214285714286	1479.208725
P68183	15	9		1094.4878325	0.683167927731547	2305.21843666667
P30136	27	11		669.386962627451	-0.267850571731799	1403.98641909091
P32670	15	10		964.680697990741	0.00355933841834845	2268.830257
P25718	16	11		959.236779761905	-0.385976792202089	2170.78431454545
P27297	32	11		723.024274305556	-0.284601757100013	1441.62539363636
P37387	24	9		910.395240166667	0.030929083388589	1866.93815222222
P37661	20	8		930.651813703704	0.955009757399463	1972.5776675
P37660	14	10		1106.29208291667	0.739856460397779	2395.546524
P0AES9	11	3		1316.50345875	0.380868897348561	2860.79378333333
P0AET2	9	5		860.196288611111	-0.035024060906414	1785.673066
P36837	12	8		1118.955408	0.65553877179047	2718.542605
P0A8S5	11	5		973.809269722222	0.306085231193927	1982.983442
P37631	18	12		865.556209464286	0.16773613961114	1824.32906916667
P0AEK7	23	6		1033.458596	0.971247456247456	2830.15658
P46136	11	3		1361.8339175	1.30744379276637	3728.36131
P37758	12	5		912.044429166667	0.0295846153846154	1967.605622
P0AG78	23	12		807.22366609375	-0.296929841672489	1690.27052583333
P32125	16	9		730.522835606061	0.100732939899607	1703.87555444444
P33594	27	9		732.526968522222	0.00688272783861015	1681.65297777778
P33593	17	13		789.430052631579	0.242098234160024	1714.56937
P33591	19	7		862.604077142857	0.500651734377962	2112.99302571429
P33590	20	14		698.87668622549	-0.399110905045779	1662.62111
P0AGM0	17	7		769.310441166667	0.354568070818071	2128.90114
P37619	13	8		1079.67594416667	0.822248767436267	2829.72246875
P18956	20	11		902.260037333333	-0.164250534270297	1809.17127818182
P0AC26	9	5		984.799312	0.768313742306528	3114.180596
P60778	13	1		1404.715165	1.552	2809.43033
P64445	6	1		968.072185	2.24444444444444	1936.14437
P00904	15	11		954.121657017544	-0.028635795167097	2164.46487727273
P27844	11	6		842.018371785714	0.486702533577534	2261.035655
P31474	12	6		1182.20335444444	0.766122900088417	2577.01570166667
P31462	16	8		1088.65596378788	0.803884629442195	2392.39575125
P0ABH4	9	3		1097.12159333333	1.5270202020202	3095.42740333333
P46478	3	1		1211.28168	1.04193548387097	3633.84504
P39165	18	11		980.158718111111	-0.59608802680573	2098.35360454545
Q46755	17	8		785.895189375	-0.138535830999066	1571.79037875
P76010	21	12		735.648023235294	-0.144681605159546	1519.27972083333
P76001	12	2		938.4405125	-0.710846560846561	1876.881025
P0AB40	7	3		1050.00283708333	0.201010101010101	2384.22875
P75948	23	11		844.470322539682	-0.373025585525586	1926.24287636364
P0AAD2	12	5		1040.83604972222	0.951733354704591	2950.933766
P45468	15	8		963.518027222222	0.46529947123777	2220.4047225
P23524	16	10		897.7343865	-0.0534916234436359	1795.468773
P0AGF6	24	9		787.602064455556	-0.389085198751865	1639.33501777778
P0AAD8	10	5		1038.2734647619	0.751033210649	2231.756424
P29744	20	16		742.6378196875	-0.516344175011158	1485.275639375
P33235	14	8		764.88247375	-0.478732897286396	1529.7649475
P0A6S0	15	9		860.311355833333	-0.235115805581492	1674.94219444444
P0ABX5	10	6		918.435106041667	-0.195868770437736	1950.13261166667
P75938	14	9		860.265404	-0.255806323604711	1790.31221222222
P0ABX2	11	7		872.649505714286	-0.0152330519721824	1745.29901142857
P0ABW9	13	6		990.987304047619	-0.456127024346464	1944.450805
P40874	20	15		744.137492795454	-0.163829193899782	1553.894618
P75920	18	9		959.509743430555	0.27419394200402	2185.35688111111
P0AEA2	18	12		818.689159444444	-0.0683389921911594	1757.74463666667
P75916	10	4		1098.63338458333	0.989356275843671	2618.665675
P0AFQ5	7	5		989.4548959375	0.299505175983437	2577.113648
P39453	19	15		809.470195	-0.32991602674018	1618.94039
P52636	19	9		1036.26468722222	0.629545030133265	2268.65007111111
P0AAM1	16	11		934.156230185185	0.48708846889105	2277.67468545454
P42616	19	5		611.800846	-0.602141131815045	1223.601692
P0AA63	13	7		951.713483333333	0.409784013605442	2116.26546285714
P42604	19	12		876.818867105263	-0.283495338995813	1813.2961225
P42598	27	12		709.628286715686	0.110187384782973	1539.69655833333
P42592	23	11		811.2929046875	-0.721225949332901	1805.96446
P42588	23	13		662.508231111111	-0.0410471956399559	1564.93391153846
P50466	22	8		858.72154	0.0417079868231183	2392.56681625
P45463	21	17		709.103395144928	-0.170902194211018	1463.97573117647
P0ADU5	12	6		560.342246666667	-0.499037166537167	1153.72608333333
P0ABV2	10	8		814.491472348485	-0.0169618055555556	1875.18675125
P37180	10	5		1172.3477937963	0.659421309872923	3046.79034
P0A8X4	22	10		757.756854090909	-0.0640056479468245	1542.604291
P0AFL9	17	8		758.394637037037	0.22152997002997	1564.90202
P75839	24	11		730.132769761905	0.176354713866676	1529.13408
P21503	13	6		1218.6892175	0.885962190976105	2698.88795666667
P0AAZ0	12	7		815.085903958333	0.793213952247566	1744.51557571429
P31133	21	11		924.265177564102	-0.0378621619925969	1878.83813909091
P00805	19	11		818.567158555556	-0.093595377232157	1816.80411727273
P46142	28	9		715.681538333333	-0.357599434409779	1431.36307666667
P67153	11	7		1174.83092715	1.19155793086465	3132.98107285714
Q46821	13	8		931.772321212121	-0.102054394801105	2224.44505
Q46808	17	11		836.768122314815	0.238396700340043	1836.20087454545
P64439	10	5		1010.98714796296	1.0479652173913	2499.894882
P0AAY4	4	3		981.042590071429	0.295555555555556	3165.61156
P75806	11	7		1085.78132821642	0.813429671966538	2944.10846714286
P12996	25	11		881.820617619048	-0.0205531673713493	1725.49145818182
P08371	18	8		790.738781875	0.126171626984127	1741.25707375
P08370	12	7		920.534920208333	0.1455880574452	1828.34215
P0ADR2	7	4		1211.11297966667	1.30818218240093	3177.927115
P10423	23	11		785.682813166667	-0.220365162318371	1785.88972090909
P16430	14	5		1039.527422	0.174768826575723	2079.054844
P0ADR0	9	3		1045.86679333333	1.19425366300366	2091.73358666667
P43667	9	5		1019.66278861111	0.799723039215686	2015.89403
P37146	22	11		853.289166410256	-0.263864415635515	1858.19787636364
P64550	12	4		815.40265625	0.247371031746032	1969.7080625
P25527	9	5		1041.13677444444	0.491540812011577	2603.93564
P05824	20	11		769.581115436905	-0.372075605680869	1807.71744727273
P07021	13	7		917.021581111111	-0.198479437229437	1924.5157
P46139	19	8		884.221340555556	-0.104240557456283	1917.863565
P64548	13	7		813.868510833333	0.621572871572871	1566.69147714286
P46126	8	5		967.152986481481	-0.0770987179487179	2234.84654
P0A7H3	29	10		936.427528888889	-0.123639087301587	1866.234814
P0ADI4	23	12		748.8259153125	-0.459017340910723	1671.6514175
P77239	24	11		841.831859090909	-0.051739667885913	1683.66371818182
P77269	22	12		784.769241666667	0.17598509183455	1569.53848333333
Q47142	18	10		906.763650595238	0.0625622059100318	1814.103171
P77538	18	10		964.649587416667	0.129408735930113	2230.022875
P76577	26	14		684.166407395833	-0.0558532340675198	1432.16624071429
P0AGM7	8	3		1379.58970929167	1.42507662835249	4428.83326
P0AC55	16	6		667.77688	0.29966688110651	1335.55376
P0ACJ5	14	9		749.2048255	-0.0195147078336734	1558.78230333333
P0AEA5	14	5		1228.36167690476	0.812490579909935	3246.51467
P0A769	14	5		1112.1620977037	0.707762375555479	3048.057642
P0ACV2	24	10		914.035638095238	0.0336057059555511	1963.153475
P69902	22	9		978.458399653846	-0.0802413040844413	2123.26255444444
P08550	11	8		961.887959375	0.938527112255561	2094.857145
P18200	10	4		1133.89368892857	0.554320164295393	4245.1433575
P0AAQ0	5	2		1298.52858444444	1.11597222222222	2887.05244
P0AAP7	8	4		825.432545	0.383542663476874	2488.8142725
P0AD70	21	10		861.811588645833	-0.275931481845804	2013.004655
P02920	13	5		986.075373095238	0.415082784648002	2308.958972
P75747	8	6		1054.11487138889	1.01246605461722	2614.06287166667
P42912	20	13		822.27569075	-0.223115384615385	1659.30543461538
P32721	25	13		692.462841222222	0.324739107046799	1420.82253461538
P39265	22	13		742.297242307692	0.0690274660112716	1484.59448461538
P0AE16	15	11		854.496454545455	0.445647505099377	1708.99290909091
P69681	11	5		1239.99968938095	1.11464912280702	3563.688684
P0AE24	18	8		1251.3048725	0.858881766381766	2670.6575225
P11667	12	6		1170.77472277778	0.89342436214695	2553.16261833333
P0AB93	11	4		1192.24610733333	1.01102564102564	3346.5701
P25549	12	8		936.951962277778	-0.489463354047913	2180.55178
Q06067	9	3		519.343678333333	-0.751082251082251	1103.87128666667
P0ABC0	10	7		920.885189285714	1.1838171818435	1841.77037857143
P31468	10	5		1056.5615675	1.43991980788091	2605.656632
P76175	12	7		1088.93813366667	0.882322868953994	2227.44596142857
P0AE98	8	5		1062.86117805556	-0.282232885954625	2499.4279
P16701	13	5		1181.13353	0.993738150738151	2362.26706
P0AEB0	11	8		920.046666666667	0.558705383457539	2174.79534625
P33013	19	11		794.508190427083	-0.196638113204319	1960.22693272727
P0ABN9	14	7		1038.99899145833	0.458813721495858	2676.76184
P76128	23	11		842.745150611111	-0.349294623726442	1770.34673636364
P77622	18	10		771.681021666667	0.0631589711458132	1938.312737
P31459	16	12		816.642359421569	-0.127335088330728	1884.017165
P28303	11	7		989.247125520833	0.971135468541484	2475.06476142857
P52600	12	4		1075.08823625	0.614026253918495	2150.1764725
P25736	27	12		732.21194754902	-0.751870531603404	1607.983965
P30855	19	11		817.017409029412	-0.137785932120348	2018.03312090909
P0AA78	17	6		866.022925833333	0.743796296296296	1732.04585166667
P0AAJ3	23	13		658.042685096491	-0.169002297747237	1347.84854615385
P31697	24	13		796.675403846154	-0.0129019416109718	1593.35080769231
P08189	8	6		1139.6753915625	0.341608162369032	3005.18767833333
P08190	8	5		1166.58477619048	-0.0388584045584045	2827.190814
P08191	11	6		949.614528333333	0.558559782608696	1952.512915
P39264	13	8		784.92057469697	0.20975135975136	1918.7179475
P75933	20	8		958.264866875	0.0490378964653012	2083.3253525
P75937	13	8		1052.65709703704	-0.235413891663892	2177.89119
P0A6S3	16	8		794.790551875	0.347091011466011	1589.58110375
P04949	19	9		909.729623333333	-0.318452056799883	1819.45924666667
P24216	14	10		810.186217272727	0.00661200591347648	1655.542628
P0A8T5	8	5		875.713265	-0.00498670919723551	1788.485556
P25798	20	13		769.491663666667	-0.00965017888094815	1643.01087307692
P0ABZ1	21	12		812.577556488095	-0.0104642978349875	1728.21193666667
P52613	19	10		625.2024495	-0.835190032190032	1250.404899
P0ABX8	15	9		738.391625333333	0.40977355977356	1573.59616777778
P06974	22	12		804.323153555556	-0.200551367935694	1813.41984
P15070	12	3		1229.23331	-0.357092791716447	2458.46662
P0AC05	14	7		789.135758571429	0.453930097680098	1578.27151714286
P33135	9	5		1371.26903892857	0.935463720819331	3231.370224
P63235	11	6		954.876492142857	0.370598394660895	2052.41259833333
P0AA80	15	8		650.551418703704	0.140079365079365	1333.68122125
P75884	17	10		948.045730722222	-0.229537336731609	2119.449007
Q46839	20	9		1022.71106115556	-0.0772993020885742	2303.34045666667
P08194	15	9		768.443634318182	0.135962401795735	2027.67436666667
P0AC94	11	5		919.166518666667	0.978020202020202	2263.436424
P0AET5	12	4		921.489112333333	0.759054487179487	1798.9517625
P36646	18	8		916.185644444444	0.364849719623994	2199.26634
P54745	21	12		721.814834642857	-0.0656208990767815	1767.21652333333
P16429	10	5		961.020260666667	0.857424603174603	2227.60567
P39346	18	13		774.319791819445	0.0466576249863938	1768.46172
P39344	8	5		1114.56249866667	0.96068697968698	2568.972428
P0A710	15	7		1029.537709375	0.66438097616669	2070.40978714286
P0AEX7	11	4		1026.96222416667	0.494022658192871	2487.8184925
P33231	11	4		871.3372	0.608441558441558	1742.6744
P39196	14	8		917.390997666667	0.533098959916322	2208.9040625
P76142	19	7		870.517965740741	-0.108216587088768	1882.21567285714
P03841	15	5		602.520978	-0.240974358974359	1205.041956
P02942	20	11		924.133777916667	-0.115892052095261	2012.01798909091
P07017	21	10		855.333043541667	0.112894019379313	1646.453725
P07018	17	9		995.789370772727	0.171298793798794	2398.09362222222
P36554	10	5		1160.7058365	0.681833333333333	3006.158534
P69210	7	4		1213.20316133333	1.52978324915825	2519.395045
P69212	7	4		1052.94484875	1.07677536231884	2105.8896975
P02921	14	7		866.886062407407	0.502586302586303	1829.94728571429
P77397	17	9		963.8340482	0.00283936247678368	2369.16813444445
P33236	9	2		780.688345	1.30684523809524	1561.37669
P69856	24	11		942.804213958333	-0.686772005772006	1917.72007090909
P39371	18	11		860.969312833333	-0.211056215696978	1949.84964363636
P41036	19	8		987.87872	0.46155495852187	1975.75744
P10903	11	5		1018.20622444444	0.210670818070818	2131.277736
P0AF32	14	9		949.942137102564	0.456349621330013	2174.44093333333
P0AFA9	15	8		971.634573712121	0.585587068160597	2656.65352
P0ABL1	17	11		730.396944	-0.70863231812811	1688.33706636364
P32709	13	9		1004.953025	0.685773336703259	2558.05241333333
P0A915	13	9		1018.84244202381	-0.058788093104285	2425.61936333333
P16256	10	7		1263.60480928571	0.957768711234149	2527.20961857143
P69434	24	14		749.583371222222	-0.250355596784168	1516.48894214286
P75906	24	13		889.911778676471	-0.482795104131137	1721.30819230769
P75905	22	12		837.853944	0.12486747049247	1744.7921
P69432	13	4		984.943665714286	0.0651086956521739	2173.3625025
P31135	11	7		784.900872592592	0.815738034344172	1667.08478
P0A7C8	10	8		860.902279166667	0.74366707607808	1878.78655125
P0AFM4	15	6		671.756023333333	-0.670373376623377	1343.51204666667
P33025	19	12		872.867328928572	0.414342486348435	1689.4627125
P69816	12	4		901.984277333333	0.394810744810745	1825.91543
P32154	14	6		1028.04304857143	0.219303085199824	2390.37551666667
P05706	9	7		801.623234722222	0.040508658008658	1812.04561142857
P56580	16	10		742.73273530303	0.0710801580600342	1526.284075
P56579	11	7		988.620439722222	0.368471432862189	2611.06403142857
P69824	9	7		960.91800425	-0.0245666934485393	2257.12630142857
P19642	12	8		1217.22292796296	0.920446952743548	2880.40426875
P69795	10	4		904.172341666667	0.384789067142008	2070.341
P0A7G6	22	12		794.347673571428	0.160881534043299	1650.16048166667
P31675	11	8		1073.06433296296	0.614527187671045	2164.3431925
P33026	13	6		1034.82397041667	0.68728687978688	2619.85814333333
P0AAA5	5	2		888.1737975	-0.398641304347826	1776.347595
P31122	12	9		892.007801111111	0.987807208203194	1864.47346
P76194	16	7		834.530590185185	-0.268395170640439	1697.70550714286
P42630	17	11		849.182905158334	0.158169351796216	1981.98806
P76423	11	8		974.810208692063	0.261367289830912	2807.64371
P31549	13	7		888.759983095238	0.472295251332518	1985.33983428571
P23173	10	6		1096.0418575	0.738315142246365	2731.07577833333
P0AAD4	10	2		913.538050625	1.50994397759104	3234.319635
P69820	12	6		993.510481666667	0.0210588076316977	2398.51963166667
P0AAA7	13	9		907.469792575757	0.831311404644738	1923.96116333333
P75620	7	4		729.309292	0.811156417112299	1601.31916
P36682	13	4		1078.33246097222	-0.00532760472610092	2829.1833125
P77263	25	10		710.077953555555	-0.494626512376512	1532.663936
P77694	9	4		548.89176125	-0.369545454545455	1097.7835225
P75693	12	8		1016.4410025	0.882218762140637	2381.74807875
P75694	10	5		723.059843	-0.28331746031746	1446.119686
Q47534	22	8		891.14040375	0.655538194444444	1782.2808075
P0AAR5	13	5		755.81197	0.835454545454545	1511.62394
P77400	9	5		1002.1983835	0.771183261183261	2262.214508
P0AAR8	13	7		715.290776574074	-0.495767377463806	1323.37553142857
P33668	12	4		817.307428055556	0.235726637492942	1810.9333225
P77506	5	2		1448.30205388889	1.35819327731092	3839.095825
P77316	21	11		839.561792525	0.137859444195651	1913.22593545455
P0AAU2	9	4		684.441349666667	-0.0255006105006105	1455.4862475
P0AAW5	12	5		1154.29620785714	1.04195555555556	2469.75461
P0AAX3	6	4		989.49909	0.414112487100103	1978.99818
P75788	14	10		1010.8633574359	0.811434313169127	2238.89847
P46119	8	1		695.775695833333	-1.07857142857143	1669.86167
P75810	12	4		1238.446625625	0.493390931102795	3207.663725
P75835	13	6		997.974841208333	0.277967171717172	2834.64637166667
P40876	20	13		855.083029375	-0.0914114132581874	1730.06077538462
P75908	13	6		1351.2394804375	1.05406895527281	3133.30319
P0AB31	5	3		1124.47910266667	0.501904761904762	2523.64662666667
P0AB35	20	8		869.648267222222	-0.255777245773376	1789.28609875
P76017	14	5		1038.77464638889	-0.162027777777778	2367.181452
P76042	23	8		788.120276	-0.14989360516934	1668.32704
P0AFR7	15	7		1174.49420166667	0.708785505430242	2801.59838285714
P25907	18	8		935.539095	0.129102790325616	1871.07819
P76076	13	6		677.280687142857	-0.0231634291634292	1429.24337333333
P0ACW4	6	3		711.681783333333	0.458014354066986	1423.36356666667
P31991	20	7		915.979834166667	-0.086814424694609	1891.19819285714
P76097	20	11		833.467177388889	-0.225990453566761	2034.62911454545
P76103	8	2		974.703424444444	1.27886710239651	2337.7624
P76108	22	12		886.784176845238	-0.260929903429904	1783.2904925
P77795	15	8		972.593239416667	-0.0598630000245713	2047.90487875
P64453	3	1		1244.29223027778	1.06206896551724	3445.73233
P76111	7	4		1208.42154	1.28106227106227	2416.84308
P31126	13	5		925.888939	0.543158508158508	1851.777878
P31130	14	6		775.213768809524	-0.0349702380952381	1616.298095
P31131	14	9		876.108852272727	0.131031368934182	1703.83733222222
P76180	9	4		732.915653	0.693891806722689	1535.6073175
P64471	5	2		947.781131111111	1.24395604395604	2289.70553
P76186	12	7		754.923161481481	0.0575763638788847	1567.22309714286
P76190	39	9		646.459561363636	-0.226827741501655	1308.08697222222
P77389	11	7		1271.42035981481	0.902053900228968	2717.73438714286
P77375	22	14		740.683036125	-0.374485646522668	1533.42769
P76219	14	5		814.645097976191	0.674186813186813	1948.069374
P76242	14	8		836.070073518518	0.668698483975702	1778.85891125
P76308	7	4		906.403893229167	0.3934375	2620.794845
P0AFT2	15	11		787.145957424242	0.506271892595422	1699.44616727273
P0AA70	12	5		1194.561539	1.42649402628435	2943.636494
P31063	13	8		724.521993333333	-0.284092261904762	1508.615895
P31064	19	9		824.311313333333	0.451811974311974	1963.22403888889
P46125	21	9		687.361961666667	0.163928170594837	1374.72392333333
P46144	20	14		763.505234966667	-0.344726315351315	1640.58838571429
P76334	13	6		916.673536458333	0.321345029239766	1864.59778166667
P76342	21	13		771.863817125	-0.288886063329383	1646.66622769231
P76417	14	3		1295.00808	1.30484722222222	2590.01616
P64536	8	3		1207.12264833333	0.833650793650794	2414.24529666667
P45508	10	4		818.89125125	-0.237053571428571	1637.7825025
P0AFU2	17	7		961.237348958333	0.146826254749391	1877.41905571429
P77599	26	14		701.415907222222	-0.133149180184894	1427.659395
P77288	16	5		737.816055833333	-0.47287037037037	1500.903986
P76520	21	8		744.863795625	-0.3647321863687	1489.72759125
P76521	2	1		414.192335	0.328571428571428	828.38467
P33634	26	13		754.501308125	-0.137265621131006	1538.46262461538
Q46888	17	12		851.041457205882	-0.0478939075630252	1929.79715
P55140	18	9		877.12906935	0.0261066712662917	2028.33432111111
P64614	8	4		852.878823666667	-0.0606474665685193	1885.9181975
P64622	4	3		1133.98549916667	0.399010217113666	2355.84576
P45546	12	6		1031.43084545455	0.669909956880534	2343.38417666667
P45804	16	8		1054.24076648148	0.485332912457912	2301.84193
P67143	12	5		1011.372939	1.69500907441016	2022.745878
P28911	13	5		964.450467777778	0.484025446579036	2157.270716
P37614	8	4		973.419395944445	0.568492063492063	2189.6958075
P0ADI9	10	4		1211.411936	1.12867840588092	3852.27339
P37621	11	6		1018.95191958333	0.269319031134669	2974.93879166667
P37197	23	13		743.236493583333	-0.296742805689294	1578.76465846154
P37643	11	5		943.398747809524	0.369334759358289	3036.173176
P37657	21	12		911.710493564815	-0.213321759488732	1914.93674333333
P0ADJ5	9	3		803.610028333334	0.55059015059015	1607.22005666667
P37662	16	9		1005.99030518519	0.371611621646709	2202.82050222222
P0ADJ8	10	3		823.431315	0.40921052631579	1646.86263
P37682	27	9		961.590092595238	0.0221074383443199	2066.58302777778
P37683	28	9		864.508241388889	0.122105933282404	1796.49437777778
P0ACA1	19	10		753.847319166667	0.189357644806174	1581.518852
P60872	14	7		922.14132775	0.533892253675664	2583.56043714286
P0ADL6	11	6		938.797095263889	0.525728049840626	2011.40866166667
P0ADM0	12	5		748.792922	0.300438095238095	1497.585844
P0ADM6	21	9		783.646627986111	-0.309833135274312	1664.35137444444
P0ADP5	11	7		1250.65824833333	1.16556221556222	2981.71789571429
P32128	19	11		933.183617777778	-0.0992704191233603	1950.14674727273
P32717	24	13		727.491903372549	-0.15301787506241	1569.10630384615
P39277	9	1		703.050970555556	0.226315789473684	1946.91038
P39352	15	11		1095.3631625641	0.465946156240274	2185.19608181818
P39376	20	13		788.052138333333	-0.255667385920422	1817.58417461538
P0AEH8	6	4		955.75381375	0.841136363636364	1911.5076275
P39379	13	8		999.594715625	0.20993057983683	2163.61172875
P39398	17	11		1083.29620987179	0.451986253867939	2145.09720454546
P39400	17	9		970.505370138889	0.263193154135183	2198.22895666667
P75685	15	8		1005.57944222222	0.151295441451887	2367.82736
P77379	17	13		894.829304291667	0.115556241517973	1845.94086615385
P0AAL9	13	7		654.625605625	-0.0978548085901027	1379.46517571429
P75917	7	3		843.841116666666	0.280729166666667	2826.07225333333
P0AB46	10	5		946.361427	0.0302082478924584	1892.722854
P76011	5	1		978.56842	2.01666666666667	1957.13684
P76146	22	13		720.890908240741	0.501222879684418	1541.60192384615
P76172	6	3		1024.833533125	-0.0512820512820512	2506.56007333333
P76226	11	5		665.697778571429	0.207501526896876	1832.823488
P76227	6	3		923.299243333333	0.0622222222222221	2921.45669666667
P76228	20	12		855.819664111111	-0.172111326173826	1901.0019225
P0AA57	10	3		998.229984928572	-0.0335389610389611	3243.99476666667
P76562	20	12		827.160396083333	-0.0612069564526434	1847.83895833333
P0AE42	4	2		1228.82392444444	1.61958333333333	2543.50314
Q46831	21	10		732.473147261905	-0.0616040733432374	1639.048809
P76655	17	12		859.34961175	-0.467667716207811	2086.43496333333
P77616	26	10		741.433932121212	-0.116375375375375	1675.741781
P76656	16	7		840.724881190476	0.175517011592526	1889.36023285714
P76657	10	5		1111.41239274524	0.429641562384983	3938.042728
P42615	12	5		912.801745766667	-0.0996098104793756	2191.911128
P42913	12	7		851.844481851852	-0.0722138215734274	1743.86370571429
P42915	23	9		997.569133148148	-0.563505116959064	2153.80949777778
P45394	12	9		953.137335666667	0.934499321976439	2183.56158222222
P45750	16	6		553.525483333333	-0.626260822510822	1145.38029666667
Q6BEX0	13	2		453.9342425	-2.35714285714286	907.868485
P75757	14	7		999.964648069444	0.499345938105336	3121.67252571429
P0A8H3	8	3		1082.61706166667	0.365908464295561	3562.25550666667
P67729	10	5		1320.71610305556	1.16045637153969	3605.194066
P39328	11	5		846.122700666667	0.624123954476896	1946.25175
P0AB49	8	2		476.7171325	-0.745	953.434265
P64627	6	2		818.960914583333	0.496726190476191	1965.506195
P0AAV6	10	2		974.42339	-0.986309523809524	2554.600325
P76474	8	4		1354.98771333333	1.41990541187739	3172.6903375
P15030	10	4		982.895922857143	0.940353371173031	2617.41477
P31442	16	5		1183.25638261905	0.575850917616622	2663.981438
P04128	9	6		1285.79354285714	0.314517543859649	2861.93479166667
P0ADA7	4	2		1334.915125	0.851363636363637	2856.471435
P76500	11	7		927.64089725	-0.285613165644125	2275.23736571429
P0ABL8	11	3		1199.00874722222	0.984291666666667	2798.23925333333
P0ABP3	11	6		1031.86490648148	0.774750630494732	2199.80225166667
P45425	17	10		726.947996245098	0.231425283050283	1568.317976
P0AGM2	11	8		957.387730833333	0.939333243749005	2516.4900725
P03825	13	7		760.53826125	0.0672802197802197	1440.88046857143
P60844	9	4		1470.03297291667	1.0948935207886	4508.869055
P64619	6	2		620.0394125	-0.733333333333333	1240.078825
P0AFR9	14	9		1054.75829121212	0.806785512618846	2513.58834
P77315	11	4		983.274889166667	0.684700292397661	2300.485845
P06609	13	5		999.478735	0.592216736328805	2249.353922
P36560	13	2		949.431345555556	-0.148181818181819	2335.70591
P06972	8	5		1379.4317025	0.980703369489259	3583.155772
P75962	10	6		900.1610065	0.141927248677249	2450.56308833333
P33361	12	8		1177.465328	0.829485019707096	2575.2620575
P77306	21	13		795.361695	-0.0963774225984852	1667.15006846154
P0ABE5	15	6		1007.68879952083	0.555548639370791	2662.059685
P39832	11	6		1235.70689071429	1.40695880365797	2795.20728333333
P22586	11	5		795.963526111111	0.596666666666667	1968.471422
P0AC07	4	2		1099.8188025	0.950833333333333	2199.637605
P0AC96	13	7		943.37384	0.820186014909396	2153.72410857143
P76498	15	9		895.033246	0.0371972934472934	1728.17247777778
Q46909	20	8		785.055958541667	0.266859585558098	1676.37635
