Entry name K12 (Uniprot)	Entry name BL21(DE3) (Uniprot)	Total #Tryptic Peptides	# Detectable Tryptic Peptides	mean m/z	mean gravy	mean mass
Null	C6EAN2_ECOBD	1	1	1535,433503	0,75952381	4606,30051
Null	C6EAN3_ECOBD	2	1	1437,764306	0,591111111	4929,47762
Null	C6EAN4_ECOBD	3	2	1172,202229	0,566163793	2474,73933
Null	C6EB50_ECOBD	15	7	1162,400902	1,128018083	2732,914833
Null	C6EBE7_ECOBD	5	3	868,071305	0,745384294	1859,951143
Null	C6EBQ6_ECOBD	2	2	958,9976825	0,861666667	1917,995365
Null	C6EC74_ECOBD	15	4	807,8337838	1,285717703	1615,667568
Null	C6ECB0_ECOBD	6	2	938,6222396	0,517302053	2252,693375
Null	C6EE88_ECOBD	5	3	973,162682	0,651010101	2078,138213
Null	C6EF70_ECOBD	8	5	1109,07391	0,318230994	2218,14782
Null	C6EFV9_ECOBD	4	1	1684,36896	0,507142857	3368,73792
Null	C6EG29_ECOBD	7	3	929,5098246	0,893817878	2115,399377
Null	C6EGC6_ECOBD	6	3	696,1403088	1,372083333	1583,55069
Null	C6EGC8_ECOBD	2	1	1219,30811	1,234375	3657,92433
Null	C6EGJ2_ECOBD	7	2	931,3270442	1,605172414	2096,16438
Null	C6EHV3_ECOBD	9	1	1163,98925	1,943478261	2793,5742
Null	C6EKK5_ECOBD	7	3	737,7286433	0,948809524	1475,457287
Null	C6EL64_ECOBD	4	2	983,1683586	0,762139423	2645,3518
LDRA_ECOLI	Null	2	1	1487,856913	1,053125	3570,85659
YQEJ_ECOLI	Null	17	9	1255,355688	1,671388889	2510,711377
HYFC_ECOLI	Null	17	9	1177,524601	0,896773504	2820,733173
HOKB_ECOLI	Null	6	3	1105,989272	0,813958365	2450,552831
RCNA_ECOLI	Null	12	6	1044,16161	0,540536398	2108,485547
YBHI_ECOLI	Null	11	7	801,1704837	0,687967372	1794,6342
YEAQ_ECOLI	Null	5	3	961,8879594	0,938527112	2094,857145
XAPB_ECOLI	Null	13	4	859,4590594	0,367882873	1750,295815
YJEO_ECOLI	Null	7	5	982,9267189	0,37494478	1998,145707
YIGG_ECOLI	Null	6	3	859,3855992	1,127588384	1718,771198
CSTA_ECOLI	Null	15	8	973,8092697	0,306085231	1982,983442
LSRD_ECOLI	Null	9	3	837,63251	0,705941436	1735,708138
NUPG_ECOLI	Null	11	5	951,7134833	0,409784014	2116,265463
MODB_ECOLI	Null	16	10	1263,541933	1,129733364	2815,019703
ECNA_ECOLI	Null	5	2	1063,713211	1,087519714	2268,2316
HOKC_ECOLI	Null	5	2	1072,74747	0,630154293	2145,49494
YEAV_ECOLI	Null	10	4	987,8425569	0,435140625	2822,014825
YOHP_ECOLI	Null	3	1	1040,83605	0,951733355	2950,933766
DINQ_ECOLI	Null	5	2	999,5389776	0,60571712	2641,710617
YNHF_ECOLI	Null	2	1	1038,273465	0,751033211	2231,756424
YDGU_ECOLI	Null	4	1	1004,266808	0,676500551	2328,52457
YNCL_ECOLI	Null	3	1	959,0006421	0,967877185	2042,61508
YMGJ_ECOLI	Null	9	2	1364,768035	1,116304348	3679,420865
YKFM_ECOLI	Null	12	4	894,2103789	0,545403792	1770,471105
YAIO_ECOLI	C6ELM2_ECOBD	20	8	934,1562302	0,487088469	2277,674685
ARAJ_ECOLI	C6ELI8_ECOBD	12	6	969,1059123	0,496154335	2069,836601
BRNQ_ECOLI	C6ELI3_ECOBD	11	3	1004,476149	0,975858586	2270,164433
PROY_ECOLI	C6ELI2_ECOBD	13	4	1407,108258	0,1	3669,818305
YAJC_ECOLI	C6ELH7_ECOBD	9	4	981,0425901	0,295555556	3165,61156
PGPA_ECOLI	C6ELG6_ECOBD	10	4	815,085904	0,793213952	1744,515576
HISM_ECOLI	C6ELE6_ECOBD	16	11	873,0976878	0,523092146	2156,541304
HISQ_ECOLI	C6ELE5_ECOBD	14	6	1000,606132	1,234856198	3273,287403
CVPA_ECOLI	C6ELE0_ECOBD	10	8	1145,898992	0,779577555	3193,141098
YFCJ_ECOLI	C6ELD1_ECOBD	12	9	904,6829709	0,659347789	2030,218379
YFCA_ECOLI	C6ELC6_ECOBD	13	6	1170,049721	1,204106	3242,219293
SIXA_ECOLI	C6ELB4_ECOBD	8	4	931,9857962	0,337789649	1972,488863
YFDC_ECOLI	C6ELA5_ECOBD	17	9	1097,121593	1,527020202	3095,427403
DSDX_ECOLI	C6ELA3_ECOBD	15	6	834,1502585	0,582724868	2167,71588
EMRY_ECOLI	C6ELA1_ECOBD	11	4	1071,144049	0,817310277	3462,732966
YFDV_ECOLI	C6EL96_ECOBD	14	9	1144,777809	0,862234432	2953,304792
YPDA_ECOLI	C6EL88_ECOBD	18	9	1151,675591	1,042944559	2303,351182
PTFC1_ECOLI	C6EL82_ECOBD	13	7	840,7543167	0,585688567	1813,565388
YFEO_ECOLI	C6EL79_ECOBD	10	5	1092,531844	0,795459957	2665,085141
YFEH_ECOLI	C6EL69_ECOBD	12	5	984,799312	0,768313742	3114,180596
CYSW_ECOLI	C6EL54_ECOBD	11	8	815,1753823	0,676875	1966,73999
CYST_ECOLI	C6EL53_ECOBD	13	5	1239,148045	0,726774691	2478,29609
CYOE_ECOLI	C6EL38_ECOBD	12	5	1257,646092	1,550072802	2652,184513
CYOC_ECOLI	C6EL36_ECOBD	9	5	1110,606983	0,990840438	2430,384571
CYOB_ECOLI	C6EL35_ECOBD	10	7	977,9284202	0,458681509	2976,031783
AMPG_ECOLI	C6EL33_ECOBD	15	11	1160,641513	0,956207792	2926,96516
MDLB_ECOLI	C6EL14_ECOBD	18	13	1053,272412	0,520265722	2545,785598
AMTB_ECOLI	C6EL12_ECOBD	10	5	952,6886008	1,04624194	1905,377202
YBAN_ECOLI	C6EKZ6_ECOBD	12	5	819,2863733	0,861688312	1638,572747
YBAL_ECOLI	C6EKY6_ECOBD	13	6	1053,737679	0,686452081	2348,21493
FSR_ECOLI	C6EKY5_ECOBD	13	6	1007,013674	0,85821284	2170,726589
YBAT_ECOLI	C6EKX8_ECOBD	9	5	1045,866793	1,194253663	2091,733587
YBBM_ECOLI	C6EKX3_ECOBD	17	8	1211,11298	1,308182182	3177,927115
ALLP_ECOLI	C6EKV5_ECOBD	14	4	947,4988338	0,641439394	2295,45699
YBBY_ECOLI	C6EKV3_ECOBD	10	7	853,5723194	0,493417756	1892,529375
YBCI_ECOLI	C6EKT9_ECOBD	12	9	1045,51071	0,340045669	2329,876233
SFMF_ECOLI	C6EKT2_ECOBD	10	4	772,8432836	0,465933808	1545,686567
YFEZ_ECOLI	C6EKS1_ECOBD	10	5	1228,361677	0,81249058	3246,51467
EUTH_ECOLI	C6EKR1_ECOBD	10	3	980,9838482	0,620844516	2489,211499
HYFB_ECOLI	C6EKM9_ECOBD	12	8	1043,089959	0,824965272	2936,027538
HYFD_ECOLI	C6EKM7_ECOBD	12	7	1374,09024	1,194140342	2748,18048
HYFE_ECOLI	C6EKM6_ECOBD	12	8	1033,458596	0,971247456	2830,15658
HYFF_ECOLI	C6EKM5_ECOBD	7	5	933,1492431	0,661804523	2391,765116
URAA_ECOLI	C6EKL4_ECOBD	8	3	976,9542952	0,381373138	2404,892846
IMDH_ECOLI	C6EKK1_ECOBD	26	7	1198,409024	0,803002505	2966,375948
YPHA_ECOLI	C6EKG4_ECOBD	5	4	873,9609131	0,558171233	1747,921826
YPHD_ECOLI	C6EKG1_ECOBD	10	4	976,2481072	0,799957011	2009,487707
YBDG_ECOLI	C6EKC4_ECOBD	15	7	1316,503459	0,380868897	2860,793783
FEPG_ECOLI	C6EKA6_ECOBD	13	9	943,6614914	0,743841617	1887,322983
FEPD_ECOLI	C6EKA5_ECOBD	11	7	1351,385573	0,837881627	3135,177705
ENTS_ECOLI	C6EKA4_ECOBD	13	3	1297,48033	0,99775	2594,96066
CITT_ECOLI	C6EK82_ECOBD	14	7	1450,784377	1,31997151	3430,531427
DCUC_ECOLI	C6EK71_ECOBD	11	6	1006,877375	0,486869558	2212,868353
CRCB_ECOLI	C6EK68_ECOBD	6	6	772,4243536	0,433495912	1764,23837
RODA_ECOLI	C6EK59_ECOBD	14	10	1068,078755	0,515741064	2371,7067
GLTK_ECOLI	C6EK42_ECOBD	13	12	953,2243334	0,600504252	2391,640234
GLTJ_ECOLI	C6EK41_ECOBD	14	8	1421,37884	1,417841682	4014,798393
LNT_ECOLI	C6EK38_ECOBD	13	6	1428,109494	1,075001798	3342,650462
EAMB_ECOLI	C6EK08_ECOBD	10	5	995,6175983	0,48894985	2335,28657
YFIR_ECOLI	C6EJY9_ECOBD	13	7	1047,939363	0,926112988	2331,169958
YPJD_ECOLI	C6EJY1_ECOBD	10	6	1191,703356	0,661871826	3350,149488
YFJD_ECOLI	C6EJY0_ECOBD	24	10	989,4548959	0,299505176	2577,113648
GABP_ECOLI	C6EJW2_ECOBD	9	5	867,189489	0,727594038	2043,631519
YQAE_ECOLI	C6EJV9_ECOBD	4	2	1267,07779	0,965371955	2880,128702
PROW_ECOLI	C6EJU7_ECOBD	7	3	1108,667081	0,232872007	2217,334162
YGAH_ECOLI	C6EJU3_ECOBD	7	5	1051,367809	1,154594338	2094,885683
EMRB_ECOLI	C6EJU0_ECOBD	11	3	1056,132156	0,765972251	2735,586143
YQAA_ECOLI	C6EJT7_ECOBD	9	3	1024,273461	0,344162836	2343,804671
PTHC_ECOLI	C6EJS9_ECOBD	11	7	1379,589709	1,425076628	4428,83326
PTIBC_ECOLI	C6EJR6_ECOBD	16	9	1393,658001	0,816936208	3479,231454
PTW3C_ECOLI	C6EJQ6_ECOBD	11	7	922,7797408	0,375626948	2150,67137
POTE_ECOLI	C6EJP3_ECOBD	9	3	1091,698153	0,63689242	2439,437707
ATKA_ECOLI	C6EJN6_ECOBD	10	3	975,4508955	0,856225951	2263,555258
DTPD_ECOLI	C6EJM9_ECOBD	13	5	1000,622646	0,540695104	2546,750069
ABRB_ECOLI	C6EJM3_ECOBD	8	6	1024,839263	0,35306187	2675,557354
DHSD_ECOLI	C6EJL5_ECOBD	5	3	1133,893689	0,554320164	4245,143358
CYDA_ECOLI	C6EJK5_ECOBD	13	5	1026,716628	0,814027898	2153,591099
CYDB_ECOLI	C6EJK4_ECOBD	12	5	1218,689218	0,885962191	2698,887957
YBGT_ECOLI	C6EJK3_ECOBD	2	1	951,806709	0,619223722	1975,73747
YBGE_ECOLI	C6EJK2_ECOBD	7	3	1041,136774	0,491540812	2603,93564
ZITB_ECOLI	C6EJJ2_ECOBD	13	7	760,585875	0,670641026	1521,17175
HYCC_ECOLI	C6EJE5_ECOBD	10	5	1025,0992	1,067029473	2052,846741
SDAC_ECOLI	C6EJ75_ECOBD	11	6	1093,706198	0,595625	2165,372028
YGDD_ECOLI	C6EJ59_ECOBD	7	4	1179,681127	0,664676435	3025,148516
LGT_ECOLI	C6EJ41_ECOBD	11	11	840,0672851	0,613457048	1993,531098
PT1P_ECOLI	C6EJ40_ECOBD	24	7	842,0183718	0,486702534	2261,035655
YGDQ_ECOLI	C6EJ36_ECOBD	14	8	997,0006052	0,449123369	2051,793756
LPLT_ECOLI	C6EJ33_ECOBD	14	8	874,9705728	0,783104685	1807,791496
ARAE_ECOLI	C6EJ27_ECOBD	16	8	1083,446058	0,987332881	2509,737914
YBHL_ECOLI	C6EIZ6_ECOBD	12	6	941,8525147	1,338020833	2667,710053
YBHN_ECOLI	C6EIZ4_ECOBD	21	8	1039,107907	0,460442708	2126,843871
YBHQ_ECOLI	C6EIZ1_ECOBD	12	5	1088,655964	0,803884629	2392,395751
YBIJ_ECOLI	C6EIY0_ECOBD	6	4	964,2160473	0,667178271	2466,710182
MCBA_ECOLI	C6EIX6_ECOBD	6	2	1182,203354	0,7661229	2577,015702
GLNP_ECOLI	C6EIX2_ECOBD	16	12	972,0683454	1,04550406	2613,729333
RHTA_ECOLI	C6EIW9_ECOBD	9	4	1122,334616	0,463535479	2244,669233
YBIR_ECOLI	C6EIW4_ECOBD	14	10	806,1720677	0,672105311	1946,032771
GSIC_ECOLI	C6EIV1_ECOBD	16	8	841,70955	1,226388889	1683,4191
YBJG_ECOLI	C6EIU2_ECOBD	10	7	890,6240161	0,694301752	2009,408433
MDFA_ECOLI	C6EIU1_ECOBD	16	4	951,1895303	1,126321559	2017,612065
YBJH_ECOLI	C6EIU0_ECOBD	4	3	862,6040771	0,500651734	2112,993026
YBJJ_ECOLI	C6EIT8_ECOBD	12	4	1319,308151	1,191576353	2787,80163
YBJM_ECOLI	C6EIQ7_ECOBD	10	5	1142,235286	0,707967376	2456,930236
XANQ_ECOLI	C6EIM6_ECOBD	8	6	1115,354803	0,705676768	2521,135804
YQFG_ECOLI	C6EIM0_ECOBD	4	2	1166,712655	0,293955849	2392,179025
YQFA_ECOLI	C6EIK9_ECOBD	10	7	1118,955408	0,655538772	2718,542605
ARGO_ECOLI	C6EII6_ECOBD	12	6	832,0072133	0,452072927	1582,817117
MSCS_ECOLI	C6EII5_ECOBD	16	9	1172,347794	0,65942131	3046,79034
PTMCB_ECOLI	C6EIH7_ECOBD	12	5	990,80889	0,408373684	2595,730406
GALP_ECOLI	C6EIG8_ECOBD	16	4	1079,675944	0,822248767	2829,722469
YGGT_ECOLI	C6EIF9_ECOBD	9	7	814,8242938	0,406662657	1878,687859
POTH_ECOLI	C6EIC5_ECOBD	11	7	1106,292083	0,73985646	2395,546524
POTI_ECOLI	C6EIC4_ECOBD	13	8	930,6518137	0,955009757	1972,577668
YBJO_ECOLI	C6EIC3_ECOBD	12	7	917,1762193	0,523701225	1963,852632
ARTM_ECOLI	C6EIC0_ECOBD	11	8	980,2336667	0,394378814	1960,467333
ARTQ_ECOLI	C6EIB9_ECOBD	12	6	1205,812377	0,611560847	3794,345374
AQPZ_ECOLI	C6EIA6_ECOBD	8	4	1110,097065	0,264705683	3169,412853
DMSC_ECOLI	C6EI86_ECOBD	10	6	1350,185804	1,043230262	3065,110788
YCAD_ECOLI	C6EI84_ECOBD	11	6	1068,830515	0,719090909	2420,895912
YCAM_ECOLI	C6EI83_ECOBD	13	6	1031,26643	0,347628458	2062,53286
FOCA_ECOLI	C6EI78_ECOBD	14	7	936,5573193	0,602478632	2157,749345
SSUC_ECOLI	C6EI48_ECOBD	14	8	1103,928932	0,80838866	2668,876485
YCBU_ECOLI	C6EI40_ECOBD	9	1	970,255371	1,097380996	1971,568833
YCCS_ECOLI	C6EI21_ECOBD	14	7	1019,662789	0,799723039	2015,89403
YCCF_ECOLI	C6EI20_ECOBD	9	5	963,5180272	0,465299471	2220,404723
YCCA_ECOLI	C6EI11_ECOBD	8	4	1014,336206	0,712317465	2057,21039
HYBB_ECOLI	C6EHZ7_ECOBD	10	5	854,1206038	0,643227991	2014,51428
YQHA_ECOLI	C6EHZ0_ECOBD	13	4	1361,833918	1,307443793	3728,36131
YGHB_ECOLI	C6EHY5_ECOBD	12	6	1211,28168	1,041935484	3633,84504
PLSC_ECOLI	C6EHX6_ECOBD	21	10	1036,264687	0,62954503	2268,650071
ZUPT_ECOLI	C6EHV4_ECOBD	8	3	1026,794706	0,550104167	2053,589413
YQIJ_ECOLI	C6EHU5_ECOBD	10	5	1404,715165	1,552	2809,43033
UPPP_ECOLI	C6EHT8_ECOBD	11	9	998,6702202	0,734098277	2504,974552
YGJI_ECOLI	C6EHR8_ECOBD	10	2	1076,999058	0,38824727	2336,385128
ALX_ECOLI	C6EHQ7_ECOBD	12	8	927,5902344	0,543950292	1953,25184
SSTT_ECOLI	C6EHQ5_ECOBD	12	7	990,3842988	0,886490445	2056,950854
YGJV_ECOLI	C6EHQ4_ECOBD	15	6	896,3914829	0,416160598	2044,327215
EXUT_ECOLI	C6EHQ1_ECOBD	17	6	1010,987148	1,047965217	2499,894882
YQJA_ECOLI	C6EHP8_ECOBD	12	7	907,3026285	0,539243919	2326,335741
YQJF_ECOLI	C6EHP2_ECOBD	7	4	949,2262319	0,645753968	2257,304968
YHAH_ECOLI	C6EHN9_ECOBD	12	3	813,8685108	0,621572872	1566,691477
YHAI_ECOLI	C6EHN8_ECOBD	8	3	1039,048277	0,565428571	2078,096553
CYBH_ECOLI	C6EHN4_ECOBD	16	11	766,5860132	0,70301156	1649,53243
APPC_ECOLI	C6EHN0_ECOBD	14	5	1174,830927	1,191557931	3132,981073
APPB_ECOLI	C6EHM9_ECOBD	13	4	881,9561425	1,168387681	1923,304568
YCCB_ECOLI	C6EHM8_ECOBD	2	1	1248,211213	1,136862027	3578,719588
YCCM_ECOLI	C6EHL5_ECOBD	19	9	1019,097345	0,45316538	2315,570473
RUTG_ECOLI	C6EHK1_ECOBD	11	6	1094,487833	0,683167928	2305,218437
RUTC_ECOLI	C6EHJ7_ECOBD	7	5	1124,039637	0,925501337	2778,011333
PUTP_ECOLI	C6EHJ1_ECOBD	14	5	936,4590354	0,367162464	1969,609724
YCDZ_ECOLI	C6EHH6_ECOBD	9	4	1041,304198	0,616666667	3010,901687
YCEK_ECOLI	C6EHG2_ECOBD	5	3	1184,399663	0,630635854	2719,791118
C56I_ECOLI	C6EHF6_ECOBD	12	5	1085,781328	0,813429672	2944,108467
YCEO_ECOLI	C6EHF5_ECOBD	3	3	1083,065379	0,283026921	2575,316359
MDTH_ECOLI	C6EHE8_ECOBD	19	8	1098,633385	0,989356276	2618,665675
MVIN_ECOLI	C6EHE4_ECOBD	16	7	1287,194013	1,254625	2684,68224
TDCC_ECOLI	C6EHA8_ECOBD	10	5	880,9750496	1,189891126	2103,126723
PTPC2_ECOLI	C6EH93_ECOBD	3	3	895,7446258	0,535833333	2132,927203
PTPC1_ECOLI	C6EH86_ECOBD	9	4	845,6868893	0,603443223	1642,521802
YRAQ_ECOLI	C6EH74_ECOBD	15	8	929,8879015	0,621147846	2037,193177
MTR_ECOLI	C6EH64_ECOBD	12	5	700,4992256	0,635985082	1400,998451
YHBX_ECOLI	C6EH53_ECOBD	16	8	1042,732204	0,480584563	2285,201532
SECG_ECOLI	C6EH52_ECOBD	6	5	842,4456812	0,387151009	1700,139311
YHBE_ECOLI	C6EH43_ECOBD	14	6	988,6218425	0,770950701	1977,243685
MLAE_ECOLI	C6EH33_ECOBD	15	9	1095,014228	0,954102622	2688,43782
MLAF_ECOLI	C6EH32_ECOBD	18	10	1103,283531	0,823466972	2537,273289
YRBG_ECOLI	C6EH31_ECOBD	12	9	1122,73344	0,271484356	3301,362543
KDSC_ECOLI	C6EH29_ECOBD	18	8	1102,909208	0,327805884	2594,64161
NANT_ECOLI	C6EH08_ECOBD	19	8	965,7724167	0,984752747	2257,917908
DCUD_ECOLI	C6EH05_ECOBD	14	8	1049,990113	0,795770697	2203,927871
MDH_ECOLI	C6EGZ6_ECOBD	18	10	688,9953669	0,560732143	1321,154855
PTGCB_ECOLI	C6EGZ1_ECOBD	11	5	803,9042333	0,809090909	1607,808467
YCFT_ECOLI	C6EGX7_ECOBD	14	10	1059,908303	0,375131505	2472,467457
YCFZ_ECOLI	C6EGX0_ECOBD	15	9	1182,539796	0,888489843	2593,211259
POTC_ECOLI	C6EGW7_ECOBD	14	5	901,1349429	0,754982791	1875,839357
POTB_ECOLI	C6EGW6_ECOBD	15	8	1287,7413	1,310714286	3090,57912
DSBB_ECOLI	C6EGT2_ECOBD	12	7	931,02144	1,95	1862,04288
NHAB_ECOLI	C6EGT1_ECOBD	17	9	932,99197	1,011111111	1865,98394
CVRA_ECOLI	C6EGS6_ECOBD	7	1	866,8860624	0,502586303	1829,947286
YCHM_ECOLI	C6EGR0_ECOBD	14	6	1069,063346	0,976691997	2163,044526
NARX_ECOLI	C6EGP2_ECOBD	21	10	999,478735	0,592216736	2249,353922
NARI_ECOLI	C6EGN6_ECOBD	14	9	960,4852256	0,456008772	2008,6253
GALU_ECOLI	C6EGN1_ECOBD	15	9	1047,958641	0,956444834	2741,159277
YCHE_ECOLI	C6EGM7_ECOBD	16	8	1031,890487	0,312383808	2485,687542
OPPB_ECOLI	C6EGM3_ECOBD	19	11	1094,924415	0,865707769	2593,237219
AAEB_ECOLI	C6EGM0_ECOBD	17	11	1276,436589	0,956272147	3483,889204
AAEX_ECOLI	C6EGL8_ECOBD	3	1	949,6700194	0,455634921	2052,749014
MRED_ECOLI	C6EGL2_ECOBD	8	3	1029,537709	0,664380976	2070,409787
YHDT_ECOLI	C6EGK3_ECOBD	7	2	951,8260471	0,978142306	2186,127482
PANF_ECOLI	C6EGK2_ECOBD	10	7	816,1095531	0,648178812	1848,830705
YHDV_ECOLI	C6EGJ3_ECOBD	4	3	860,9022792	0,743667076	1878,786551
YHDX_ECOLI	C6EGJ0_ECOBD	17	10	1084,860429	1,045244262	2661,747068
YHDY_ECOLI	C6EGI9_ECOBD	17	9	1082,617062	0,365908464	3562,255507
MSCL_ECOLI	C6EGH6_ECOBD	13	6	1016,821915	0,638204529	2125,765109
SECY_ECOLI	C6EGG6_ECOBD	13	7	954,3020374	0,686031746	1860,498248
KEFB_ECOLI	C6EGB3_ECOBD	12	5	1037,144987	1,275279762	3083,243543
TNAB_ECOLI	C6EG94_ECOBD	10	6	1194,561539	1,426494026	2943,636494
MDTL_ECOLI	C6EG93_ECOBD	15	8	866,0229258	0,743796296	1732,045852
PURP_ECOLI	C6EG89_ECOBD	10	5	907,4697926	0,831311405	1923,961163
CBRB_ECOLI	C6EG87_ECOBD	10	5	913,5380506	1,509943978	3234,319635
PTV3B_ECOLI	C6EG81_ECOBD	14	5	899,614975	0,762407201	1955,734008
PSTA_ECOLI	C6EG77_ECOBD	15	9	1162,593178	0,764857143	2325,186357
PSTC_ECOLI	C6EG76_ECOBD	10	7	755,81197	0,835454545	1511,62394
ATPL_ECOLI	C6EG66_ECOBD	4	2	1154,296208	1,041955556	2469,75461
ATP6_ECOLI	C6EG65_ECOBD	13	5	989,49909	0,414112487	1978,99818
ATPZ_ECOLI	C6EG64_ECOBD	9	7	1124,479103	0,501904762	2523,646627
KUP_ECOLI	C6EG56_ECOBD	12	7	1192,246107	1,011025641	3346,5701
HSRA_ECOLI	C6EG48_ECOBD	12	6	920,8851893	1,183817182	1841,770379
WECA_ECOLI	C6EG28_ECOBD	10	4	1007,6888	0,555548639	2662,059685
WZXE_ECOLI	C6EG20_ECOBD	13	9	856,2125708	0,76835118	1844,290875
WZYE_ECOLI	C6EG18_ECOBD	15	9	892,543531	0,557259768	1908,114932
YIFK_ECOLI	C6EG16_ECOBD	10	7	1174,011417	0,805887838	3013,161074
RARD_ECOLI	C6EFZ3_ECOBD	11	6	1199,008747	0,984291667	2798,239253
CLS_ECOLI	C6EFY7_ECOBD	23	9	1104,045948	0,664453312	2450,669384
KCH_ECOLI	C6EFY6_ECOBD	12	10	1457,61418	1,2	4997,53433
ISPZ_ECOLI	C6EFY2_ECOBD	14	7	893,8687188	0,570850328	1947,184385
YCIS_ECOLI	C6EFV5_ECOBD	8	2	939,6399246	0,47244302	2936,60683
OSMB_ECOLI	C6EFV1_ECOBD	4	2	1038,998991	0,458813721	2676,76184
YMIB_ECOLI	C6EFU7_ECOBD	5	1	1031,864906	0,77475063	2199,802252
SAPC_ECOLI	C6EFU0_ECOBD	13	7	1188,062286	0,9779375	2749,458255
SAPB_ECOLI	C6EFT9_ECOBD	13	7	919,1665187	0,978020202	2263,436424
PUUP_ECOLI	C6EFT6_ECOBD	11	5	943,37384	0,820186015	2153,724109
YCJO_ECOLI	C6EFS1_ECOBD	13	7	1067,625269	0,953846154	2491,84381
YCJP_ECOLI	C6EFS0_ECOBD	12	5	711,6817833	0,458014354	1423,363567
ABGT_ECOLI	C6EFP7_ECOBD	11	9	1059,16502	1,318099733	2534,62524
TSGA_ECOLI	C6EFL2_ECOBD	12	1	1040,666104	1,391620778	3620,931888
NIRC_ECOLI	C6EFK9_ECOBD	9	5	1334,915125	0,851363636	2856,471435
YHFL_ECOLI	C6EFK7_ECOBD	6	2	1002,765555	0,600717703	2005,53111
FRLA_ECOLI	C6EFK6_ECOBD	10	6	939,1712926	0,32772084	2114,094404
YHFT_ECOLI	C6EFJ9_ECOBD	11	6	1211,411936	1,128678406	3852,27339
YHFU_ECOLI	C6EFJ8_ECOBD	10	5	803,6100283	0,550590151	1607,220057
YHGE_ECOLI	C6EFH3_ECOBD	16	8	823,431315	0,409210526	1646,86263
GNTT_ECOLI	C6EFF9_ECOBD	13	8	979,502317	0,389507154	3470,47939
YHGN_ECOLI	C6EFE0_ECOBD	11	5	938,7970953	0,52572805	2011,408662
GNTU_ECOLI	C6EFD9_ECOBD	13	7	1250,658248	1,165562216	2981,717896
UGPE_ECOLI	C6EFC3_ECOBD	11	8	854,4964545	0,445647505	1708,992909
UGPA_ECOLI	C6EFC2_ECOBD	10	6	1251,304873	0,858881766	2670,657523
LIVM_ECOLI	C6EFB8_ECOBD	10	7	990,6516615	0,811978164	1965,551973
LIVH_ECOLI	C6EFB7_ECOBD	11	4	1228,823924	1,619583333	2543,50314
YHHL_ECOLI	C6EFA8_ECOBD	8	4	920,0466667	0,558705383	2174,795346
YHHN_ECOLI	C6EFA6_ECOBD	8	4	969,6519569	0,30244883	2228,612864
YHHQ_ECOLI	C6EFA3_ECOBD	13	8	1480,176375	1,21465194	2960,35275
YHHS_ECOLI	C6EFA1_ECOBD	11	6	906,7926372	0,939992323	1845,763605
NIKB_ECOLI	C6EF97_ECOBD	18	7	1059,831409	0,863448872	2503,120632
NIKC_ECOLI	C6EF96_ECOBD	15	8	921,4891123	0,759054487	1798,951763
RHTC_ECOLI	C6EF88_ECOBD	12	8	1028,552061	0,701405656	2162,3351
RHTB_ECOLI	C6EF87_ECOBD	15	7	992,5309919	0,905264136	2204,085391
YIGM_ECOLI	C6EF84_ECOBD	10	7	1026,962224	0,494022658	2487,818493
TATC_ECOLI	C6EF58_ECOBD	7	4	779,5528436	0,853965282	1559,105687
TRKH_ECOLI	C6EF49_ECOBD	15	5	949,9421371	0,456349621	2174,440933
YIHG_ECOLI	C6EF40_ECOBD	22	10	1012,464546	1,678409091	2617,51847
YIHO_ECOLI	C6EF25_ECOBD	17	7	1210,700712	1,034847282	2682,08119
YIHP_ECOLI	C6EF24_ECOBD	14	7	1021,381045	0,99259944	2042,76209
YIHY_ECOLI	C6EF15_ECOBD	18	8	917,6445438	0,359987043	2062,165832
FDOI_ECOLI	C6EF07_ECOBD	18	8	971,6345737	0,585587068	2656,65352
RHAT_ECOLI	C6EEZ0_ECOBD	11	4	1153,938876	0,961341089	2692,733508
KDGT_ECOLI	C6EEY8_ECOBD	11	6	975,9504767	0,548666667	2037,64209
YIIR_ECOLI	C6EEX7_ECOBD	13	5	833,5775065	0,616526436	1977,497765
GLPF_ECOLI	C6EEX1_ECOBD	9	6	1020,964096	0,743500503	2256,317271
C561_ECOLI	C6EEU4_ECOBD	14	6	1134,254814	1,108477886	3274,563246
YDCA_ECOLI	C6EEU3_ECOBD	6	3	950,485384	0,926626513	2163,255552
TEHA_ECOLI	C6EET4_ECOBD	11	6	886,7686618	0,801937153	2138,475987
YDCO_ECOLI	C6EET0_ECOBD	8	2	1174,494202	0,708785505	2801,598383
YDCU_ECOLI	C6EES1_ECOBD	13	8	1054,758291	0,806785513	2513,58834
YDCV_ECOLI	C6EES0_ECOBD	14	9	917,206741	1,131475685	2105,679779
YDCX_ECOLI	C6EER8_ECOBD	3	1	843,9434488	0,493729918	1885,143417
YDCZ_ECOLI	C6EER6_ECOBD	6	4	889,3398188	0,719147141	1954,906733
YNCH_ECOLI	C6EEQ7_ECOBD	6	4	1105,016638	0,912631494	2496,057091
NARV_ECOLI	C6EEQ0_ECOBD	14	9	891,4318902	1,036833055	1720,806065
YDDG_ECOLI	C6EEP4_ECOBD	10	3	1002,843078	0,956773485	2512,523579
FDNI_ECOLI	C6EEP1_ECOBD	22	6	1188,712636	0,54962963	2513,532978
DDPB_ECOLI	C6EEN1_ECOBD	15	10	702,7108813	0,712658036	1479,6553
GADC_ECOLI	C6EEM5_ECOBD	11	6	879,774077	0,738602106	1759,548154
YNEN_ECOLI	C6EEL7_ECOBD	7	2	957,3877308	0,939333244	2516,490073
YNEE_ECOLI	C6EEK3_ECOBD	22	13	814,91998	0,675921757	1785,632449
YHIM_ECOLI	C6EEJ4_ECOBD	8	3	950,5558045	0,511397849	2016,048553
PITA_ECOLI	C6EEJ2_ECOBD	11	5	1178,88638	1,248135965	2357,77276
USPB_ECOLI	C6EEJ1_ECOBD	10	5	1170,774723	0,893424362	2553,162618
DTPB_ECOLI	C6EEI9_ECOBD	12	8	1349,035675	0,362098642	4809,791013
ARSB_ECOLI	C6EEI2_ECOBD	10	4	1263,604809	0,957768711	2527,209619
YHID_ECOLI	C6EEH7_ECOBD	17	7	961,0202607	0,857424603	2227,60567
HDEA_ECOLI	C6EEH5_ECOBD	10	3	1144,175992	0,857425388	2495,687785
HDED_ECOLI	C6EEH4_ECOBD	12	4	1181,13353	0,993738151	2362,26706
YHJE_ECOLI	C6EEG0_ECOBD	10	5	1284,442852	1,089225289	2960,560545
DCTA_ECOLI	C6EEF5_ECOBD	13	6	1217,222928	0,920446953	2880,404269
YHJK_ECOLI	C6EEF4_ECOBD	19	12	994,2492501	0,945035882	2200,046151
YHJT_ECOLI	C6EEE6_ECOBD	8	3	1096,041858	0,738315142	2731,075778
YHJU_ECOLI	C6EEE5_ECOBD	9	5	893,786401	0,768361638	1787,572802
LDRD_ECOLI	C6EEE4_ECOBD	2	1	1141,743227	0,952523473	2349,495625
YHJV_ECOLI	C6EEE1_ECOBD	14	10	1025,646012	1,074675564	2051,292024
DPPC_ECOLI	C6EED8_ECOBD	13	7	872,2547161	1,047905319	1744,509432
DPPB_ECOLI	C6EED7_ECOBD	11	6	1202,108213	0,936810021	3135,664123
EPTB_ECOLI	C6EED5_ECOBD	20	8	1088,527626	0,727517483	2772,149883
YHJX_ECOLI	C6EED4_ECOBD	16	9	954,1899517	0,826210623	2210,623724
YIAD_ECOLI	C6EEC9_ECOBD	19	7	1633,36781	1,492592593	3266,73562
HOKA_ECOLI	C6EEC3_ECOBD	6	3	1091,811197	0,650996969	2892,69358
YIAH_ECOLI	C6EEB7_ECOBD	15	10	991,6008647	0,705589316	2106,937983
YIAA_ECOLI	C6EEB6_ECOBD	10	3	1000,512388	0,749013949	2015,047443
YIAB_ECOLI	C6EEB5_ECOBD	9	2	998,0975951	0,421836396	2099,298908
XYLH_ECOLI	C6EEB1_ECOBD	12	5	1275,362609	1,240397208	2572,146731
YIAM_ECOLI	C6EEA2_ECOBD	9	6	983,2250445	0,637253134	2457,990234
YIAN_ECOLI	C6EEA1_ECOBD	9	6	831,0117457	0,493082707	1751,188463
YIAW_ECOLI	C6EE89_ECOBD	6	3	989,2471255	0,971135469	2475,064761
YIJE_ECOLI	C6EE65_ECOBD	14	9	806,460825	0,442301275	1861,73549
PTFC2_ECOLI	C6EE60_ECOBD	10	5	892,0078011	0,987807208	1864,47346
PTFB2_ECOLI	C6EE59_ECOBD	11	4	925,888939	0,543158508	1851,777878
YIJD_ECOLI	C6EE45_ECOBD	8	3	784,9008726	0,815738034	1667,08478
SECE_ECOLI	C6EE38_ECOBD	12	6	1114,038602	1,036316988	2414,426886
YJBB_ECOLI	C6EE04_ECOBD	11	2	1116,003466	1,075660969	2909,272187
PSIE_ECOLI	C6EDZ3_ECOBD	9	8	1183,256383	0,575850918	2663,981438
XYLE_ECOLI	C6EDZ2_ECOBD	10	4	1147,234088	0,663112645	2859,403493
MALG_ECOLI	C6EDZ1_ECOBD	15	9	1056,561568	1,439919808	2605,656632
KDGL_ECOLI	C6EDX8_ECOBD	10	6	925,885769	1,006803197	2054,977086
DINF_ECOLI	C6EDX6_ECOBD	11	7	888,7599831	0,472295251	1985,339834
SOTB_ECOLI	C6EDW1_ECOBD	12	9	1073,064333	0,614527188	2164,343193
MARC_ECOLI	C6EDW0_ECOBD	15	7	1060,611839	0,342912091	2281,717934
EAMA_ECOLI	C6EDV4_ECOBD	8	4	1098,582881	0,46509078	2370,500023
YDEE_ECOLI	C6EDV3_ECOBD	13	5	1044,841343	0,82039976	2430,493308
YNEM_ECOLI	C6EDV2_ECOBD	2	1	976,813313	0,827333584	1953,626626
YNFA_ECOLI	C6EDR6_ECOBD	6	4	1170,539331	1,190034858	2591,549623
YNFH_ECOLI	C6EDQ8_ECOBD	12	4	1004,953025	0,685773337	2558,052413
CLCB_ECOLI	C6EDQ6_ECOBD	12	7	1060,217365	0,654733283	2676,579172
MDTI_ECOLI	C6EDP9_ECOBD	6	4	805,122371	0,675082828	1947,826158
MDTJ_ECOLI	C6EDP8_ECOBD	7	4	1088,33111	0,908666255	2464,78605
TQSA_ECOLI	C6EDP7_ECOBD	13	8	1052,082316	1,22386574	2117,459283
PNTB_ECOLI	C6EDP6_ECOBD	10	4	872,8673289	0,414342486	1689,462713
ARCD_ECOLI	C6EDP3_ECOBD	12	6	1034,82397	0,68728688	2619,858143
YDGC_ECOLI	C6EDP1_ECOBD	8	4	871,3372	0,608441558	1742,6744
UIDB_ECOLI	C6EDN1_ECOBD	15	7	758,46174	1,486666667	1516,92348
PTOCB_ECOLI	C6EDM6_ECOBD	12	8	1177,465328	0,82948502	2575,262058
BLR_ECOLI	C6EDM2_ECOBD	2	1	893,4515865	0,882261905	2347,7112
YDGK_ECOLI	C6EDM0_ECOBD	8	4	991,3775908	0,703632472	2102,836911
RNFA_ECOLI	C6EDL9_ECOBD	9	6	1160,705837	0,681833333	3006,158534
DTPA_ECOLI	C6EDL1_ECOBD	14	9	709,4795857	0,846599493	1686,909885
YDHI_ECOLI	C6EDK2_ECOBD	5	2	916,1856444	0,36484972	2199,26634
PTM3C_ECOLI	C6EDJ3_ECOBD	12	4	1154,394435	0,770135843	2309,711333
LLDP_ECOLI	C6EDI6_ECOBD	11	4	1175,553827	0,365541101	2421,692068
RFAL_ECOLI	C6EDG8_ECOBD	15	11	847,2058946	0,51847519	1907,637599
YICG_ECOLI	C6EDE4_ECOBD	11	8	1139,878972	0,523367285	2627,626936
GLTS_ECOLI	C6EDD6_ECOBD	12	9	809,41859	0,770130454	1618,83718
XANP_ECOLI	C6EDD5_ECOBD	10	5	1141,160591	0,332625982	2418,132534
SETC_ECOLI	C6EDB2_ECOBD	16	7	1329,28778	0,775078255	3414,13604
YICL_ECOLI	C6EDB1_ECOBD	9	6	973,4193959	0,568492063	2189,695808
YICS_ECOLI	C6EDA8_ECOBD	7	4	1018,95192	0,269319031	2974,938792
NEPI_ECOLI	C6EDA7_ECOBD	11	7	870,1781041	0,826262626	2196,79355
YICO_ECOLI	C6EDA5_ECOBD	11	8	943,3987478	0,369334759	3036,173176
UHPC_ECOLI	C6EDA2_ECOBD	18	10	1311,19028	0,538637871	3056,569884
UHPB_ECOLI	C6EDA1_ECOBD	13	7	1005,990305	0,371611622	2202,820502
EMRD_ECOLI	C6ED95_ECOBD	15	5	1029,470772	0,262030183	2335,027691
YIDG_ECOLI	C6ED93_ECOBD	10	6	1061,801091	0,627455764	2417,270066
YIDK_ECOLI	C6ED89_ECOBD	13	8	991,33424	0,681840062	2002,76609
YIDE_ECOLI	C6ED85_ECOBD	13	7	1132,838629	0,680263877	2551,014298
YJCB_ECOLI	C6ED64_ECOBD	4	2	1144,177729	1,026960107	2504,921996
YJCD_ECOLI	C6ED60_ECOBD	11	5	1202,644201	0,249091327	2815,901345
YJCE_ECOLI	C6ED59_ECOBD	12	5	1267,847137	0,815654762	3619,519893
ACTP_ECOLI	C6ED58_ECOBD	15	6	1310,199306	1,062889444	3758,4088
NRFD_ECOLI	C6ED52_ECOBD	12	9	917,3909977	0,53309896	2208,904063
NRFE_ECOLI	C6ED51_ECOBD	11	6	1044,562333	0,916099567	2410,357008
GLTP_ECOLI	C6ED48_ECOBD	14	9	1121,853469	0,386593276	2411,950453
MDTO_ECOLI	C6ED43_ECOBD	15	9	846,1227007	0,624123954	1946,25175
ALSC_ECOLI	C6ED37_ECOBD	12	5	944,5455712	0,444683877	2333,053638
PHNE_ECOLI	C6ED20_ECOBD	11	6	1114,562499	0,96068698	2568,972428
PROP_ECOLI	C6ED13_ECOBD	12	7	904,921864	1,016781136	1879,212882
EPTA_ECOLI	C6ED10_ECOBD	16	5	1235,706891	1,406958804	2795,207283
ADIC_ECOLI	C6ED09_ECOBD	10	4	918,6115274	1,087727924	2558,528738
MELB_ECOLI	C6ED04_ECOBD	14	7	987,87872	0,461554959	1975,75744
YJDF_ECOLI	C6ED03_ECOBD	14	5	1085,467703	0,994129464	2125,876543
DCUB_ECOLI	C6ED01_ECOBD	12	7	1212,188004	0,58628663	4493,066277
YJDO_ECOLI	C6ECZ6_ECOBD	4	1	1261,228736	0,786178451	2687,653615
YJDL_ECOLI	C6ECZ4_ECOBD	12	5	953,1373357	0,934499322	2183,561582
CADB_ECOLI	C6ECZ2_ECOBD	8	2	1031,8655	0,722508082	2222,177936
DCUA_ECOLI	C6ECY7_ECOBD	13	6	863,4336007	1,077153846	2012,481028
FXSA_ECOLI	C6ECY5_ECOBD	15	5	958,95687	0,922340426	2309,924673
ECNB_ECOLI	C6ECX6_ECOBD	4	2	1031,430845	0,669909957	2343,384177
SUGE_ECOLI	C6ECX5_ECOBD	6	5	1476,5306	1,395381232	2953,0612
YJEM_ECOLI	C6ECW7_ECOBD	9	4	839,5049374	0,753878877	1959,022633
YDHP_ECOLI	C6ECU6_ECOBD	10	7	1054,240766	0,485332912	2301,84193
YDHC_ECOLI	C6ECU3_ECOBD	12	4	866,8336424	0,58755654	1878,782873
MDTK_ECOLI	C6ECU0_ECOBD	15	5	832,2045306	0,55023088	1741,088426
PHSC_ECOLI	C6ECT5_ECOBD	15	6	1059,63442	0,309102216	2401,769237
YDIK_ECOLI	C6ECR8_ECOBD	15	6	638,2141083	0,639046093	1336,202575
YDIN_ECOLI	C6ECR6_ECOBD	10	4	1075,088236	0,614026254	2150,176473
BTUC_ECOLI	C6ECP6_ECOBD	13	5	1139,40055	1,175908046	2600,378857
YNID_ECOLI	C6ECN7_ECOBD	12	5	1427,393742	1,038709677	3425,74498
YNIB_ECOLI	C6ECN2_ECOBD	14	4	988,6204397	0,368471433	2611,064031
YDJM_ECOLI	C6ECN0_ECOBD	16	8	1211,073404	0,55	4152,25167
YDJN_ECOLI	C6ECM9_ECOBD	15	7	1074,801144	0,806613231	2120,371078
PTQB_ECOLI	C6ECM0_ECOBD	10	4	1470,032973	1,094893521	4508,869055
YDJX_ECOLI	C6ECK7_ECOBD	14	5	922,1413278	0,533892254	2583,560437
YDJZ_ECOLI	C6ECK5_ECOBD	16	6	1078,053053	0,869355229	3142,964983
YNJC_ECOLI	C6ECK2_ECOBD	9	4	954,8764921	0,370598395	2052,412598
YDJE_ECOLI	C6ECI8_ECOBD	19	9	1147,292328	1,06444674	2796,64577
YDJK_ECOLI	C6ECI2_ECOBD	17	9	760,6678303	0,537575758	1924,344657
YJET_ECOLI	C6ECH3_ECOBD	5	3	1244,29223	1,062068966	3445,73233
YJFL_ECOLI	C6ECG5_ECOBD	5	4	947,7811311	1,243956044	2289,70553
ULAA_ECOLI	C6ECF6_ECOBD	11	6	1170,541842	0,228972222	2328,217703
CYCA_ECOLI	C6ECD6_ECOBD	10	6	1207,122648	0,833650794	2414,245297
YTFF_ECOLI	C6ECD4_ECOBD	15	6	1036,921428	1,100918782	2213,946676
YTFL_ECOLI	C6ECC7_ECOBD	15	10	933,13912	0,333680556	1866,27824
YTFT_ECOLI	C6ECB9_ECOBD	11	5	1133,985499	0,399010217	2355,84576
YJFF_ECOLI	C6ECB8_ECOBD	11	5	818,9609146	0,49672619	1965,506195
YJGN_ECOLI	C6EC94_ECOBD	14	8	850,3468883	0,460042819	1955,992452
IDNT_ECOLI	C6EC86_ECOBD	8	5	1145,646038	1,652173913	2749,55049
YEAI_ECOLI	C6EC45_ECOBD	14	10	820,4726868	0,796285714	1683,404876
YEAL_ECOLI	C6EC42_ECOBD	6	6	1011,372939	1,695009074	2022,745878
YEAN_ECOLI	C6EC40_ECOBD	14	8	1320,716103	1,160456372	3605,194066
YMGE_ECOLI	C6EC36_ECOBD	5	1	1114,0895	0,679901961	2228,179
LEUE_ECOLI	C6EC32_ECOBD	15	8	1213,203161	1,529783249	2519,395045
ADRB_ECOLI	C6EC16_ECOBD	19	6	1052,944849	1,076775362	2105,889698
YOAE_ECOLI	C6EC15_ECOBD	13	8	1027,243671	0,76720637	2333,348219
PTNC_ECOLI	C6EC12_ECOBD	6	3	1239,999689	1,114649123	3563,688684
YOBD_ECOLI	C6EC10_ECOBD	15	6	904,1723417	0,384789067	2070,341
YEBN_ECOLI	C6EC09_ECOBD	10	8	901,9842773	0,394810745	1825,91543
YOBH_ECOLI	C6EC03_ECOBD	12	7	1260,54927	0,822329702	3168,67362
YEBQ_ECOLI	C6EC01_ECOBD	13	6	1052,686721	1,106161491	2105,373442
YEBY_ECOLI	C6EBZ0_ECOBD	11	4	729,309292	0,811156417	1601,31916
YEBZ_ECOLI	C6EBY9_ECOBD	12	6	724,6326988	0,689722222	1449,265398
ZNUB_ECOLI	C6EBW8_ECOBD	10	6	1054,114871	1,012466055	2614,062872
YECN_ECOLI	C6EBV8_ECOBD	10	6	999,9646481	0,499345938	3121,672526
GNTP_ECOLI	C6EBR2_ECOBD	11	5	1007,361833	1,02657526	2203,698825
YJJB_ECOLI	C6EBK7_ECOBD	8	5	1010,863357	0,811434313	2238,89847
YJJZ_ECOLI	C6EBK2_ECOBD	5	3	950,6010295	0,600172466	2042,31668
YAAJ_ECOLI	C6EBG2_ECOBD	15	7	1238,446626	0,493390931	3207,663725
YECR_ECOLI	C6EBF5_ECOBD	7	4	997,9748412	0,277967172	2834,646372
TYRP_ECOLI	C6EBF2_ECOBD	10	2	1166,166243	0,972620879	2570,90758
PGSA_ECOLI	C6EBF0_ECOBD	11	7	1368,882051	0,704651163	4693,30989
YEDA_ECOLI	C6EBA7_ECOBD	12	5	919,1235855	0,927327762	1978,876705
YEDZ_ECOLI	C6EB96_ECOBD	18	7	1084,316563	0,490866437	3304,697612
C56H_ECOLI	C6EB94_ECOBD	15	7	1061,503514	0,788792484	2488,187565
MTFA_ECOLI	C6EB91_ECOBD	14	7	946,1176809	0,357685252	2326,566827
SHIA_ECOLI	C6EB88_ECOBD	11	6	1535,83611	1,313793103	3071,67222
YEEO_ECOLI	C6EB85_ECOBD	15	5	978,56842	2,016666667	1957,13684
COBS_ECOLI	C6EB80_ECOBD	18	8	1202,559778	0,618246007	2683,04554
YEEE_ECOLI	C6EB70_ECOBD	14	6	974,7034244	1,278867102	2337,7624
YAAH_ECOLI	C6EB43_ECOBD	7	3	1208,42154	1,281062271	2416,84308
YAAY_ECOLI	C6EB29_ECOBD	7	4	908,1060767	0,82125	1869,21473
LSPA_ECOLI	C6EB26_ECOBD	9	7	1228,92115	0,929545455	2457,8423
CAIT_ECOLI	C6EB13_ECOBD	10	3	720,8909082	0,50122288	1541,601924
YAAU_ECOLI	C6EB08_ECOBD	16	8	1105,712776	0,773608295	2614,119225
KEFC_ECOLI	C6EB06_ECOBD	13	8	1088,938134	0,882322869	2227,445961
YABI_ECOLI	C6EAZ0_ECOBD	15	4	732,915653	0,693891807	1535,607318
THIP_ECOLI	C6EAY8_ECOBD	13	7	814,645098	0,674186813	1948,069374
SETA_ECOLI	C6EAY4_ECOBD	11	8	975,823195	0,999358974	2319,25213
FTSW_ECOLI	C6EAW6_ECOBD	21	11	1102,967616	0,450383041	2355,099486
FTSA_ECOLI	C6EAW1_ECOBD	21	10	836,0700735	0,668698484	1778,858911
HOFC_ECOLI	C6EAV1_ECOBD	18	8	906,4038932	0,3934375	2620,794845
PPDD_ECOLI	C6EAU9_ECOBD	9	6	997,8679477	0,385677657	2336,482994
AROP_ECOLI	C6EAU5_ECOBD	9	5	1015,950185	0,868491956	2539,76944
YADH_ECOLI	C6EAS9_ECOBD	11	5	1295,00808	1,304847222	2590,01616
YADK_ECOLI	C6EAS1_ECOBD	12	6	1114,277501	0,423787879	2475,235038
YEGE_ECOLI	C6EAP0_ECOBD	11	4	981,104485	0,553136147	1962,20897
MDTD_ECOLI	C6EAM8_ECOBD	10	5	1354,987713	1,419905412	3172,690338
YEGT_ECOLI	C6EAL2_ECOBD	14	3	721,0473426	0,552380952	1897,99976
YEHU_ECOLI	C6EAI6_ECOBD	15	9	1111,412393	0,429641562	3938,042728
YEHW_ECOLI	C6EAI3_ECOBD	10	1	928,4628725	0,733519952	2198,549344
YEHY_ECOLI	C6EAI1_ECOBD	12	8	875,6837741	0,744955342	1761,830568
YOHC_ECOLI	C6EAH6_ECOBD	7	6	1012,662053	0,482868159	2346,767523
YOHD_ECOLI	C6EAH5_ECOBD	16	7	983,2748892	0,684700292	2300,485845
YOHJ_ECOLI	C6EAH1_ECOBD	8	4	1271,42036	0,9020539	2717,734387
YOHK_ECOLI	C6EAH0_ECOBD	11	5	1002,198384	0,771183261	2262,214508
YEIS_ECOLI	C6EAG7_ECOBD	8	3	1043,916243	0,309381024	3035,060578
MGLC_ECOLI	C6EAG4_ECOBD	11	5	1147,084008	0,624555556	2525,640953
YEIB_ECOLI	C6EAG1_ECOBD	19	10	1322,272107	1,005836364	4001,128142
LYSP_ECOLI	C6EAF7_ECOBD	8	3	986,5020317	0,737080491	1986,808346
YEIH_ECOLI	C6EAF5_ECOBD	12	7	1048,759763	0,677172981	2439,201047
NUPX_ECOLI	C6EAF2_ECOBD	15	7	913,5669103	0,624444444	1936,02501
PSUT_ECOLI	C6EAE9_ECOBD	14	8	884,6021531	0,424162492	1866,722022
PSUG_ECOLI	C6EAE8_ECOBD	19	12	764,205265	0,47145979	1704,909033
CLCA_ECOLI	C6EAC9_ECOBD	20	11	840,0281693	0,687111111	1731,837606
YADS_ECOLI	C6EAC7_ECOBD	15	9	891,1404038	0,655538194	1782,280808
CDSA_ECOLI	C6EAB0_ECOBD	15	4	1204,30118	1,203125	3612,90354
METI_ECOLI	C6EA86_ECOBD	10	7	1021,37851	0,762697285	2538,847136
SETB_ECOLI	C6EA28_ECOBD	12	6	857,6434727	0,41508834	1799,492616
YEIU_ECOLI	C6EA23_ECOBD	17	10	821,6219783	0,700883838	1643,243957
BCR_ECOLI	C6EA15_ECOBD	12	4	1036,039686	1,053867785	2080,436633
YEJM_ECOLI	C6EA09_ECOBD	18	9	1277,065716	0,761514103	3099,627546
CCMF_ECOLI	C6EA04_ECOBD	11	8	1002,596685	0,56457284	3341,675253
CCMD_ECOLI	C6EA02_ECOBD	6	1	1118,055852	1,257823027	3003,595858
CCMC_ECOLI	C6EA01_ECOBD	12	8	1055,741109	0,940098708	2253,902716
CCMB_ECOLI	C6EA00_ECOBD	11	3	1083,960897	1,061652711	2798,993428
NAPH_ECOLI	C6E9Z6_ECOBD	16	5	918,0409144	0,611050725	2434,622143
YOJI_ECOLI	C6E9Y8_ECOBD	19	10	1118,953782	0,575840548	2237,907564
ATOE_ECOLI	C6E9X7_ECOBD	14	4	965,5627017	0,461159091	2248,140113
RHMT_ECOLI	C6E9V4_ECOBD	16	5	703,40635	0,904861111	1406,8127
ARNT_ECOLI	C6E9U3_ECOBD	16	8	802,4420042	0,570562771	1560,176313
ARNF_ECOLI	C6E9U1_ECOBD	7	4	1105,61918	1,815	2211,23836
NUON_ECOLI	C6E9S6_ECOBD	9	6	1160,20138	2,2	2320,40276
NUOM_ECOLI	C6E9S5_ECOBD	11	3	1219,77652	2,7	2439,55304
NUOL_ECOLI	C6E9S4_ECOBD	10	3	980,584075	2,394117647	1961,16815
NUOK_ECOLI	C6E9S3_ECOBD	3	2	705,629825	0,832142857	1411,25965
NUOJ_ECOLI	C6E9S2_ECOBD	8	4	780,688345	1,306845238	1561,37669
NUOH_ECOLI	C6E9S0_ECOBD	12	7	962,2349203	0,508225901	1902,988536
NUOA_ECOLI	C6E9R4_ECOBD	13	6	713,1514525	0,496381579	1426,302905
