Merge ID	OurStudy	# Identified	OurStudy
3485	1729	51
Q6BF86	0	0	0	0	0
P37388	0	0	0	0	0
P68066	1	1	2	1	1
P0ACF4	1	1	2	1	1
P75616	1	0	1	1	0
P64485	0	0	0	0	0
P00350	1	1	2	1	1
P00363	1	1	2	1	1
P00370	1	1	2	1	1
P00393	1	1	2	1	1
P00448	1	1	2	1	1
P00452	1	1	2	1	1
P00490	1	1	2	1	1
P00509	1	1	2	1	1
P00547	1	0	1	1	0
P00550	1	1	2	1	1
P00561	1	1	2	1	1
P00562	1	1	2	1	1
P00579	1	1	2	1	1
P00803	1	1	2	1	1
P00804	1	0	1	1	0
P00805	1	0	1	1	0
P00811	1	0	1	1	0
P00861	1	0	1	1	0
P00864	1	1	2	1	1
P00887	1	1	2	1	1
P00888	1	0	1	1	0
P00895	1	0	1	1	0
P00903	0	1	1	0	1
P00904	1	0	1	1	0
P00914	1	0	1	1	0
P00934	1	1	2	1	1
P00935	1	0	1	1	0
P00944	1	0	1	1	0
P00946	1	1	2	1	1
P00954	1	1	2	1	1
P00956	1	1	2	1	1
P00959	1	1	2	1	1
P00961	1	1	2	1	1
P00962	1	1	2	1	1
P00963	1	1	2	1	1
P00968	1	1	2	1	1
P02358	1	1	2	1	1
P02359	1	1	2	1	1
P02413	1	1	2	1	1
P02916	1	0	1	1	0
P02918	1	1	2	1	1
P02920	1	0	1	1	0
P02924	1	0	1	1	0
P02925	1	1	2	1	1
P02930	1	1	2	1	1
P02931	1	1	2	1	1
P02932	1	0	1	1	0
P02943	1	0	1	1	0
P03007	1	1	2	1	1
P03018	1	1	2	1	1
P03024	1	1	2	1	1
P03030	1	1	2	1	1
P03813	1	0	1	1	0
P03817	1	0	1	1	0
P03959	0	0	0	0	0
P03961	1	1	2	1	1
P04036	1	1	2	1	1
P04079	1	1	2	1	1
P04152	1	0	1	1	0
P04335	1	1	2	1	1
P04425	1	1	2	1	1
P04693	1	1	2	1	1
P04805	1	1	2	1	1
P04816	1	0	1	1	0
P04825	1	1	2	1	1
P04951	1	1	2	1	1
P04968	1	1	2	1	1
P04983	1	0	1	1	0
P04993	1	1	2	1	1
P04995	1	1	2	1	1
P05020	1	1	2	1	1
P05042	1	1	2	1	1
P05050	1	0	1	1	0
P05055	1	1	2	1	1
P05194	1	1	2	1	1
P05458	1	1	2	1	1
P05459	1	1	2	1	1
P05523	1	0	1	1	0
P05637	1	0	1	1	0
P05793	1	1	2	1	1
P05804	1	0	1	1	0
P05824	1	0	1	1	0
P05827	0	1	1	0	1
P05847	1	1	2	1	1
P05852	1	1	2	1	1
P06136	1	1	2	1	1
P06149	1	1	2	1	1
P06282	1	1	2	1	1
P06610	1	1	2	1	1
P06611	1	1	2	1	1
P06612	1	1	2	1	1
P06616	1	1	2	1	1
P06709	1	1	2	1	1
P06710	1	1	2	1	1
P06715	1	1	2	1	1
P06720	1	1	2	1	1
P06721	1	1	2	1	1
P06722	1	1	2	1	1
P06846	1	1	2	1	1
P06864	1	0	1	1	0
P06961	1	0	1	1	0
P06968	1	0	1	1	0
P06983	1	1	2	1	1
P06986	1	1	2	1	1
P06987	1	1	2	1	1
P06988	1	1	2	1	1
P06992	1	1	2	1	1
P06999	1	1	2	1	1
P07000	1	1	2	1	1
P07001	1	1	2	1	1
P07003	1	1	2	1	1
P07004	1	1	2	1	1
P07014	1	1	2	1	1
P07021	1	0	1	1	0
P07023	1	1	2	1	1
P07102	1	1	2	1	1
P07109	1	1	2	1	1
P07118	1	1	2	1	1
P07330	1	0	1	1	0
P07364	0	0	0	0	0
P07604	1	1	2	1	1
P07623	1	0	1	1	0
P07639	1	1	2	1	1
P07648	1	1	2	1	1
P07649	1	1	2	1	1
P07650	1	1	2	1	1
P07654	1	1	2	1	1
P07762	1	0	1	1	0
P07813	1	1	2	1	1
P07821	1	1	2	1	1
P07822	0	1	1	0	1
P07862	1	1	2	1	1
P07913	1	1	2	1	1
P08142	1	1	2	1	1
P08178	1	1	2	1	1
P08179	1	1	2	1	1
P08192	1	1	2	1	1
P08200	1	1	2	1	1
P08201	1	0	1	1	0
P08244	1	1	2	1	1
P08312	1	1	2	1	1
P08331	1	1	2	1	1
P08337	1	0	1	1	0
P08368	1	0	1	1	0
P08370	0	0	0	0	0
P08371	1	0	1	1	0
P08373	1	0	1	1	0
P08394	1	0	1	1	0
P08395	1	1	2	1	1
P08400	1	1	2	1	1
P08401	1	1	2	1	1
P08506	1	1	2	1	1
P08550	1	0	1	1	0
P08839	1	1	2	1	1
P08997	1	1	2	1	1
P09029	1	0	1	1	0
P09030	1	1	2	1	1
P09053	1	1	2	1	1
P09126	1	1	2	1	1
P09152	1	1	2	1	1
P09155	1	0	1	1	0
P09158	1	0	1	1	0
P09163	0	0	0	0	0
P09348	1	0	1	1	0
P09377	1	1	2	1	1
P09391	1	1	2	1	1
P09394	1	1	2	1	1
P09424	1	0	1	1	0
P09546	1	1	2	1	1
P09549	1	1	2	1	1
P09832	1	1	2	1	1
P09836	1	0	1	1	0
P09980	1	1	2	1	1
P09996	1	0	1	1	0
P0A6A0	1	1	2	1	1
P0A6A3	1	1	2	1	1
P0A6B4	1	0	1	1	0
P0A6B7	1	1	2	1	1
P0A6C5	1	1	2	1	1
P0A6C8	1	1	2	1	1
P0A6D0	1	1	2	1	1
P0A6D5	1	0	1	1	0
P0A6D7	1	1	2	1	1
P0A6E1	0	1	1	0	1
P0A6E4	1	1	2	1	1
P0A6E9	1	0	1	1	0
P0A6F1	1	1	2	1	1
P0A6F3	1	1	2	1	1
P0A6F5	1	1	2	1	1
P0A6G3	1	0	1	1	0
P0A6G5	1	0	1	1	0
P0A6G7	1	1	2	1	1
P0A6H1	1	1	2	1	1
P0A6H5	1	1	2	1	1
P0A6H8	1	1	2	1	1
P0A6I3	1	0	1	1	0
P0A6I9	1	0	1	1	0
P0A6J1	1	1	2	1	1
P0A6J3	1	1	2	1	1
P0A6J5	1	1	2	1	1
P0A6J8	1	1	2	1	1
P0A6K1	1	1	2	1	1
P0A6K3	1	1	2	1	1
P0A6K6	1	1	2	1	1
P0A6L2	1	1	2	1	1
P0A6L4	1	0	1	1	0
P0A6L9	1	1	2	1	1
P0A6M4	1	0	1	1	0
P0A6M8	1	1	2	1	1
P0A6N4	1	1	2	1	1
P0A6P5	1	1	2	1	1
P0A6P7	1	1	2	1	1
P0A6P9	1	1	2	1	1
P0A6Q3	1	1	2	1	1
P0A6Q6	1	1	2	1	1
P0A6R0	1	1	2	1	1
P0A6R3	1	1	2	1	1
P0A6S0	1	0	1	1	0
P0A6S7	1	1	2	1	1
P0A6T1	1	1	2	1	1
P0A6T9	1	1	2	1	1
P0A6U8	1	1	2	1	1
P0A6V1	1	0	1	1	0
P0A6V5	0	0	0	0	0
P0A6V8	1	0	1	1	0
P0A6W5	1	1	2	1	1
P0A6W9	1	1	2	1	1
P0A6X1	1	1	2	1	1
P0A6X3	1	0	1	1	0
P0A6Y8	1	1	2	1	1
P0A6Z1	1	1	2	1	1
P0A6Z3	1	1	2	1	1
P0A700	0	0	0	0	0
P0A703	0	0	0	0	0
P0A715	1	1	2	1	1
P0A717	1	1	2	1	1
P0A720	1	1	2	1	1
P0A722	1	1	2	1	1
P0A725	1	1	2	1	1
P0A729	1	0	1	1	0
P0A731	1	0	1	1	0
P0A734	1	1	2	1	1
P0A738	1	0	1	1	0
P0A744	1	1	2	1	1
P0A746	1	0	1	1	0
P0A752	0	0	0	0	0
P0A754	1	0	1	1	0
P0A756	1	1	2	1	1
P0A759	1	0	1	1	0
P0A763	1	1	2	1	1
P0A766	0	0	0	0	0
P0A769	1	0	1	1	0
P0A772	1	0	1	1	0
P0A776	1	0	1	1	0
P0A784	1	1	2	1	1
P0A786	1	1	2	1	1
P0A790	1	1	2	1	1
P0A794	1	1	2	1	1
P0A796	1	1	2	1	1
P0A799	1	1	2	1	1
P0A7A5	1	1	2	1	1
P0A7A9	1	1	2	1	1
P0A7B1	1	1	2	1	1
P0A7B3	1	0	1	1	0
P0A7B5	1	1	2	1	1
P0A7B8	1	1	2	1	1
P0A7C2	1	1	2	1	1
P0A7C6	1	0	1	1	0
P0A7D4	1	1	2	1	1
P0A7D7	1	1	2	1	1
P0A7E1	1	1	2	1	1
P0A7E3	1	1	2	1	1
P0A7E5	1	1	2	1	1
P0A7E9	1	1	2	1	1
P0A7F3	1	1	2	1	1
P0A7F6	1	0	1	1	0
P0A7F9	1	0	1	1	0
P0A7G2	1	1	2	1	1
P0A7H0	1	1	2	1	1
P0A7H3	0	0	0	0	0
P0A7H6	1	0	1	1	0
P0A7I0	1	1	2	1	1
P0A7I4	1	1	2	1	1
P0A7I7	1	1	2	1	1
P0A7J0	1	0	1	1	0
P0A7J3	1	1	2	1	1
P0A7K6	1	1	2	1	1
P0A7R5	1	1	2	1	1
P0A7R9	1	1	2	1	1
P0A7S9	1	1	2	1	1
P0A7T3	1	1	2	1	1
P0A7U3	1	1	2	1	1
P0A7V0	1	1	2	1	1
P0A7V8	1	1	2	1	1
P0A7W1	1	1	2	1	1
P0A7W7	1	1	2	1	1
P0A7X3	1	1	2	1	1
P0A7X6	1	1	2	1	1
P0A7Y0	1	1	2	1	1
P0A7Y4	1	0	1	1	0
P0A7Y8	1	1	2	1	1
P0A7Z0	1	1	2	1	1
P0A7Z4	1	1	2	1	1
P0A805	1	1	2	1	1
P0A809	1	0	1	1	0
P0A812	1	1	2	1	1
P0A817	1	1	2	1	1
P0A823	1	1	2	1	1
P0A825	1	1	2	1	1
P0A828	0	0	0	0	0
P0A832	1	1	2	1	1
P0A836	1	1	2	1	1
P0A840	1	0	1	1	0
P0A847	1	0	1	1	0
P0A850	1	1	2	1	1
P0A853	1	0	1	1	0
P0A855	1	1	2	1	1
P0A858	1	1	2	1	1
P0A867	1	1	2	1	1
P0A870	1	1	2	1	1
P0A873	1	0	1	1	0
P0A879	1	1	2	1	1
P0A884	1	1	2	1	1
P0A887	1	1	2	1	1
P0A894	1	1	2	1	1
P0A8A4	1	1	2	1	1
P0A8A8	1	1	2	1	1
P0A8C1	1	1	2	1	1
P0A8C4	1	1	2	1	1
P0A8D0	1	0	1	1	0
P0A8D3	1	1	2	1	1
P0A8D6	1	1	2	1	1
P0A8E1	1	1	2	1	1
P0A8E5	1	0	1	1	0
P0A8E7	1	1	2	1	1
P0A8F0	1	1	2	1	1
P0A8F4	1	1	2	1	1
P0A8F8	1	1	2	1	1
P0A8G0	1	1	2	1	1
P0A8G3	1	0	1	1	0
P0A8I1	1	1	2	1	1
P0A8I3	1	1	2	1	1
P0A8I5	1	1	2	1	1
P0A8I8	1	1	2	1	1
P0A8J4	1	1	2	1	1
P0A8J8	1	1	2	1	1
P0A8L1	1	1	2	1	1
P0A8L5	1	0	1	1	0
P0A8L7	1	0	1	1	0
P0A8M0	1	1	2	1	1
P0A8M3	1	1	2	1	1
P0A8M6	1	0	1	1	0
P0A8N0	1	0	1	1	0
P0A8N3	1	1	2	1	1
P0A8N5	1	1	2	1	1
P0A8N7	1	0	1	1	0
P0A8P1	1	1	2	1	1
P0A8P3	1	1	2	1	1
P0A8Q6	1	0	1	1	0
P0A8R7	1	1	2	1	1
P0A8S1	1	1	2	1	1
P0A8S5	1	0	1	1	0
P0A8T7	1	1	2	1	1
P0A8U0	0	1	1	0	1
P0A8U2	1	1	2	1	1
P0A8U6	1	0	1	1	0
P0A8V2	1	1	2	1	1
P0A8V6	1	1	2	1	1
P0A8W0	1	1	2	1	1
P0A8W2	1	0	1	1	0
P0A8W5	1	1	2	1	1
P0A8W8	1	1	2	1	1
P0A8X0	1	1	2	1	1
P0A8X2	1	1	2	1	1
P0A8X4	0	0	0	0	0
P0A8Y1	1	1	2	1	1
P0A8Y3	1	0	1	1	0
P0A8Y5	1	1	2	1	1
P0A8Y8	0	0	0	0	0
P0A8Z0	1	1	2	1	1
P0A8Z3	1	1	2	1	1
P0A8Z7	0	1	1	0	1
P0A901	1	1	2	1	1
P0A908	1	1	2	1	1
P0A912	1	1	2	1	1
P0A917	1	1	2	1	1
P0A921	1	1	2	1	1
P0A924	1	1	2	1	1
P0A930	1	0	1	1	0
P0A935	1	1	2	1	1
P0A937	1	1	2	1	1
P0A940	1	1	2	1	1
P0A944	0	0	0	0	0
P0A948	1	1	2	1	1
P0A951	1	1	2	1	1
P0A953	1	1	2	1	1
P0A955	1	1	2	1	1
P0A959	1	1	2	1	1
P0A962	1	0	1	1	0
P0A988	1	1	2	1	1
P0A993	1	1	2	1	1
P0A996	1	0	1	1	0
P0A998	1	1	2	1	1
P0A9A2	1	0	1	1	0
P0A9A9	1	1	2	1	1
P0A9B2	1	1	2	1	1
P0A9B6	1	1	2	1	1
P0A9C0	1	0	1	1	0
P0A9C5	1	1	2	1	1
P0A9C9	1	1	2	1	1
P0A9D2	1	1	2	1	1
P0A9D4	1	1	2	1	1
P0A9D8	1	1	2	1	1
P0A9E9	1	0	1	1	0
P0A9F1	1	0	1	1	0
P0A9F3	1	1	2	1	1
P0A9F6	0	1	1	0	1
P0A9G2	0	1	1	0	1
P0A9G4	1	0	1	1	0
P0A9G6	1	1	2	1	1
P0A9H3	1	0	1	1	0
P0A9H7	1	1	2	1	1
P0A9H9	1	0	1	1	0
P0A9I1	1	0	1	1	0
P0A9I3	1	0	1	1	0
P0A9I5	1	0	1	1	0
P0A9I8	1	0	1	1	0
P0A9J0	1	1	2	1	1
P0A9J4	0	1	1	0	1
P0A9J6	1	0	1	1	0
P0A9J8	1	1	2	1	1
P0A9K3	1	1	2	1	1
P0A9K7	1	1	2	1	1
P0A9K9	1	1	2	1	1
P0A9L5	1	1	2	1	1
P0A9L8	1	1	2	1	1
P0A9M0	1	1	2	1	1
P0A9M2	1	1	2	1	1
P0A9M5	1	1	2	1	1
P0A9N0	0	0	0	0	0
P0A9N4	1	1	2	1	1
P0A9N8	0	0	0	0	0
P0A9P0	1	1	2	1	1
P0A9P4	1	1	2	1	1
P0A9P6	1	1	2	1	1
P0A9Q1	1	1	2	1	1
P0A9Q5	1	1	2	1	1
P0A9Q7	1	0	1	1	0
P0A9Q9	1	1	2	1	1
P0A9R4	1	0	1	1	0
P0A9R7	1	1	2	1	1
P0A9S1	1	0	1	1	0
P0A9S5	1	0	1	1	0
P0A9S7	1	1	2	1	1
P0A9T0	1	1	2	1	1
P0A9T4	1	1	2	1	1
P0A9U1	1	1	2	1	1
P0A9U3	1	1	2	1	1
P0A9V1	1	1	2	1	1
P0A9V5	1	0	1	1	0
P0A9W0	1	1	2	1	1
P0A9W3	1	1	2	1	1
P0A9W6	1	0	1	1	0
P0A9W9	1	1	2	1	1
P0A9X1	1	1	2	1	1
P0A9X4	1	1	2	1	1
P0AA10	1	1	2	1	1
P0AA16	1	1	2	1	1
P0AA37	0	0	0	0	0
P0AA39	1	1	2	1	1
P0AA41	0	0	0	0	0
P0AA43	1	0	1	1	0
P0AA47	1	0	1	1	0
P0AA49	1	0	1	1	0
P0AA53	1	1	2	1	1
P0AA63	1	0	1	1	0
P0AA73	0	0	0	0	0
P0AA84	1	1	2	1	1
P0AA91	1	1	2	1	1
P0AA93	1	1	2	1	1
P0AA95	1	0	1	1	0
P0AA97	1	1	2	1	1
P0AA99	1	0	1	1	0
P0AAB2	1	0	1	1	0
P0AAB4	1	1	2	1	1
P0AAB6	1	1	2	1	1
P0AAB8	1	0	1	1	0
P0AAC0	1	1	2	1	1
P0AAC4	1	1	2	1	1
P0AAC6	1	1	2	1	1
P0AAD2	1	0	1	1	0
P0AAD6	1	1	2	1	1
P0AAD8	1	0	1	1	0
P0AAE0	1	1	2	1	1
P0AAE5	1	0	1	1	0
P0AAE8	1	0	1	1	0
P0AAF3	1	0	1	1	0
P0AAF6	1	1	2	1	1
P0AAG5	1	1	2	1	1
P0AAH0	1	1	2	1	1
P0AAH4	1	1	2	1	1
P0AAH8	1	1	2	1	1
P0AAI5	1	1	2	1	1
P0AAI9	1	1	2	1	1
P0AAJ1	1	0	1	1	0
P0AAJ5	1	1	2	1	1
P0AAJ8	1	0	1	1	0
P0AAK1	0	0	0	0	0
P0AAK4	0	0	0	0	0
P0AAK7	1	0	1	1	0
P0AAL3	1	0	1	1	0
P0AAL6	1	0	1	1	0
P0AAM1	1	0	1	1	0
P0AAM3	1	0	1	1	0
P0AAN1	1	1	2	1	1
P0AAN3	1	0	1	1	0
P0AAN9	1	0	1	1	0
P0AAP1	0	0	0	0	0
P0AAP3	1	1	2	1	1
P0AAP7	0	0	0	0	0
P0AAQ0	1	0	1	1	0
P0AAQ2	1	0	1	1	0
P0AAQ6	1	0	1	1	0
P0AAS0	1	1	2	1	1
P0AAS5	0	0	0	0	0
P0AAT2	0	0	0	0	0
P0AAT4	1	1	2	1	1
P0AAT9	1	1	2	1	1
P0AAV0	1	0	1	1	0
P0AAV4	1	0	1	1	0
P0AAW1	1	1	2	1	1
P0AAX6	0	0	0	0	0
P0AAX8	1	1	2	1	1
P0AAY4	0	0	0	0	0
P0AAY6	0	1	1	0	1
P0AAZ0	1	0	1	1	0
P0AAZ4	1	1	2	1	1
P0AB03	1	0	1	1	0
P0AB06	1	1	2	1	1
P0AB10	1	1	2	1	1
P0AB12	1	1	2	1	1
P0AB18	1	0	1	1	0
P0AB20	0	0	0	0	0
P0AB24	1	1	2	1	1
P0AB26	1	1	2	1	1
P0AB33	1	0	1	1	0
P0AB38	1	1	2	1	1
P0AB40	0	0	0	0	0
P0AB43	1	0	1	1	0
P0AB52	1	0	1	1	0
P0AB55	1	0	1	1	0
P0AB58	1	1	2	1	1
P0AB61	1	0	1	1	0
P0AB67	1	1	2	1	1
P0AB71	1	1	2	1	1
P0AB74	1	0	1	1	0
P0AB77	1	1	2	1	1
P0AB80	1	1	2	1	1
P0AB83	1	1	2	1	1
P0AB85	1	1	2	1	1
P0AB89	1	1	2	1	1
P0AB91	1	1	2	1	1
P0AB96	1	0	1	1	0
P0AB98	1	1	2	1	1
P0ABA6	1	1	2	1	1
P0ABB4	1	1	2	1	1
P0ABB8	1	1	2	1	1
P0ABE2	1	0	1	1	0
P0ABF1	1	1	2	1	1
P0ABF6	1	0	1	1	0
P0ABF8	1	1	2	1	1
P0ABG1	0	0	0	0	0
P0ABH0	1	1	2	1	1
P0ABH4	0	0	0	0	0
P0ABH7	1	1	2	1	1
P0ABI4	1	1	2	1	1
P0ABI8	1	1	2	1	1
P0ABJ1	1	1	2	1	1
P0ABJ3	1	0	1	1	0
P0ABJ6	1	0	1	1	0
P0ABJ9	1	1	2	1	1
P0ABK5	1	1	2	1	1
P0ABK7	1	0	1	1	0
P0ABK9	1	0	1	1	0
P0ABL3	0	0	0	0	0
P0ABL5	1	0	1	1	0
P0ABM9	1	1	2	1	1
P0ABP8	1	1	2	1	1
P0ABQ2	1	0	1	1	0
P0ABQ4	1	0	1	1	0
P0ABR1	0	0	0	0	0
P0ABS1	1	1	2	1	1
P0ABS5	1	1	2	1	1
P0ABT2	1	1	2	1	1
P0ABT5	1	0	1	1	0
P0ABT8	0	0	0	0	0
P0ABU0	1	1	2	1	1
P0ABU2	1	1	2	1	1
P0ABU5	1	0	1	1	0
P0ABU7	1	1	2	1	1
P0ABU9	1	1	2	1	1
P0ABV2	1	0	1	1	0
P0ABV6	1	1	2	1	1
P0ABW3	0	0	0	0	0
P0ABW9	1	0	1	1	0
P0ABX2	1	0	1	1	0
P0ABX5	1	0	1	1	0
P0ABY4	1	0	1	1	0
P0ABZ4	1	1	2	1	1
P0AC02	1	1	2	1	1
P0AC13	1	1	2	1	1
P0AC19	1	1	2	1	1
P0AC23	1	1	2	1	1
P0AC26	0	0	0	0	0
P0AC28	1	0	1	1	0
P0AC30	1	1	2	1	1
P0AC33	1	1	2	1	1
P0AC35	1	0	1	1	0
P0AC38	1	1	2	1	1
P0AC41	1	1	2	1	1
P0AC44	1	1	2	1	1
P0AC51	1	0	1	1	0
P0AC53	1	1	2	1	1
P0AC55	1	0	1	1	0
P0AC59	1	1	2	1	1
P0AC69	1	1	2	1	1
P0AC73	1	0	1	1	0
P0AC75	1	1	2	1	1
P0AC81	1	1	2	1	1
P0AC84	1	1	2	1	1
P0AC86	1	1	2	1	1
P0AC88	1	0	1	1	0
P0AC98	0	0	0	0	0
P0ACA3	1	1	2	1	1
P0ACB0	1	1	2	1	1
P0ACB2	1	1	2	1	1
P0ACB4	1	1	2	1	1
P0ACB7	1	1	2	1	1
P0ACC1	1	1	2	1	1
P0ACC3	1	1	2	1	1
P0ACC7	1	1	2	1	1
P0ACC9	1	0	1	1	0
P0ACD2	1	0	1	1	0
P0ACD4	1	1	2	1	1
P0ACE0	1	1	2	1	1
P0ACE7	1	1	2	1	1
P0ACF0	1	1	2	1	1
P0ACF8	1	1	2	1	1
P0ACH1	1	0	1	1	0
P0ACH5	1	0	1	1	0
P0ACH8	1	1	2	1	1
P0ACI0	1	0	1	1	0
P0ACI3	1	0	1	1	0
P0ACI6	0	0	0	0	0
P0ACJ0	1	1	2	1	1
P0ACJ5	1	0	1	1	0
P0ACJ8	1	1	2	1	1
P0ACK2	1	0	1	1	0
P0ACK5	1	1	2	1	1
P0ACK8	0	1	1	0	1
P0ACL0	1	1	2	1	1
P0ACL2	1	1	2	1	1
P0ACL7	1	1	2	1	1
P0ACL9	1	1	2	1	1
P0ACM2	1	1	2	1	1
P0ACM5	1	0	1	1	0
P0ACN2	0	0	0	0	0
P0ACN7	1	1	2	1	1
P0ACP5	1	1	2	1	1
P0ACQ4	1	1	2	1	1
P0ACQ7	1	0	1	1	0
P0ACR2	1	0	1	1	0
P0ACR4	1	1	2	1	1
P0ACS2	0	0	0	0	0
P0ACS5	1	0	1	1	0
P0ACS9	1	1	2	1	1
P0ACT2	0	0	0	0	0
P0ACT6	1	0	1	1	0
P0ACU2	1	1	2	1	1
P0ACV0	1	1	2	1	1
P0ACV2	1	0	1	1	0
P0ACX0	0	0	0	0	0
P0ACY1	1	1	2	1	1
P0ACZ8	1	1	2	1	1
P0AD03	1	0	1	1	0
P0AD05	1	0	1	1	0
P0AD12	1	1	2	1	1
P0AD14	1	1	2	1	1
P0AD17	1	0	1	1	0
P0AD19	0	0	0	0	0
P0AD27	1	1	2	1	1
P0AD30	1	1	2	1	1
P0AD37	0	0	0	0	0
P0AD53	1	0	1	1	0
P0AD57	1	1	2	1	1
P0AD59	1	0	1	1	0
P0AD61	1	1	2	1	1
P0AD65	1	1	2	1	1
P0AD68	1	1	2	1	1
P0AD70	1	0	1	1	0
P0AD96	1	1	2	1	1
P0AD99	1	1	2	1	1
P0ADA5	1	1	2	1	1
P0ADB1	1	1	2	1	1
P0ADC6	1	1	2	1	1
P0ADD2	0	0	0	0	0
P0ADD5	1	0	1	1	0
P0ADD7	1	0	1	1	0
P0ADE4	1	1	2	1	1
P0ADE6	1	1	2	1	1
P0ADE8	1	1	2	1	1
P0ADF6	1	1	2	1	1
P0ADF8	1	0	1	1	0
P0ADI4	1	0	1	1	0
P0ADI7	1	1	2	1	1
P0ADK0	1	1	2	1	1
P0ADL1	0	0	0	0	0
P0ADL3	1	1	2	1	1
P0ADM4	1	1	2	1	1
P0ADM8	1	1	2	1	1
P0ADN0	1	0	1	1	0
P0ADN2	1	1	2	1	1
P0ADP2	1	1	2	1	1
P0ADP7	1	1	2	1	1
P0ADP9	1	0	1	1	0
P0ADR0	0	0	0	0	0
P0ADR2	0	0	0	0	0
P0ADR6	1	1	2	1	1
P0ADR8	1	1	2	1	1
P0ADS2	1	1	2	1	1
P0ADS6	1	1	2	1	1
P0ADS9	1	1	2	1	1
P0ADT2	1	1	2	1	1
P0ADT5	1	1	2	1	1
P0ADU5	1	0	1	1	0
P0ADU7	1	0	1	1	0
P0ADV1	1	1	2	1	1
P0ADV5	1	1	2	1	1
P0ADV7	1	1	2	1	1
P0ADV9	1	1	2	1	1
P0ADW6	1	0	1	1	0
P0ADX1	1	1	2	1	1
P0ADX9	1	1	2	1	1
P0ADY1	1	1	2	1	1
P0ADY3	1	1	2	1	1
P0ADY7	1	1	2	1	1
P0ADZ4	1	1	2	1	1
P0ADZ7	1	1	2	1	1
P0AE01	1	1	2	1	1
P0AE08	1	1	2	1	1
P0AE12	1	1	2	1	1
P0AE14	1	1	2	1	1
P0AE18	1	1	2	1	1
P0AE28	0	0	0	0	0
P0AE34	1	1	2	1	1
P0AE37	1	0	1	1	0
P0AE39	0	1	1	0	1
P0AE45	1	1	2	1	1
P0AE48	1	1	2	1	1
P0AE52	1	1	2	1	1
P0AE58	1	0	1	1	0
P0AE60	1	0	1	1	0
P0AE74	0	0	0	0	0
P0AE76	0	0	0	0	0
P0AE78	1	1	2	1	1
P0AE82	1	1	2	1	1
P0AE91	1	1	2	1	1
P0AE95	0	0	0	0	0
P0AEA2	1	0	1	1	0
P0AEA5	1	0	1	1	0
P0AEA8	1	1	2	1	1
P0AEB2	1	1	2	1	1
P0AEB5	1	1	2	1	1
P0AEB7	1	1	2	1	1
P0AEC0	1	1	2	1	1
P0AEC3	1	1	2	1	1
P0AED0	1	1	2	1	1
P0AED7	1	0	1	1	0
P0AEE1	1	1	2	1	1
P0AEE8	1	1	2	1	1
P0AEF0	1	1	2	1	1
P0AEF4	1	1	2	1	1
P0AEF8	1	1	2	1	1
P0AEG6	1	1	2	1	1
P0AEH1	1	1	2	1	1
P0AEI1	1	1	2	1	1
P0AEI4	1	1	2	1	1
P0AEI6	1	0	1	1	0
P0AEJ0	0	0	0	0	0
P0AEJ2	1	1	2	1	1
P0AEJ4	1	1	2	1	1
P0AEJ8	0	0	0	0	0
P0AEK0	1	1	2	1	1
P0AEK4	1	1	2	1	1
P0AEK7	1	0	1	1	0
P0AEL0	1	1	2	1	1
P0AEL6	1	1	2	1	1
P0AEM0	1	0	1	1	0
P0AEN1	1	1	2	1	1
P0AEN8	1	1	2	1	1
P0AEP3	1	1	2	1	1
P0AEQ3	1	1	2	1	1
P0AER0	1	1	2	1	1
P0AER3	1	1	2	1	1
P0AER5	0	1	1	0	1
P0AES0	1	1	2	1	1
P0AES2	1	0	1	1	0
P0AES4	1	1	2	1	1
P0AES9	1	0	1	1	0
P0AET2	1	0	1	1	0
P0AET8	1	1	2	1	1
P0AEU0	1	1	2	1	1
P0AEV1	1	1	2	1	1
P0AEV4	0	0	0	0	0
P0AEV7	1	0	1	1	0
P0AEV9	1	0	1	1	0
P0AEW4	1	0	1	1	0
P0AEW6	1	1	2	1	1
P0AEX3	1	1	2	1	1
P0AEX5	1	0	1	1	0
P0AEX9	1	0	1	1	0
P0AEY1	1	0	1	1	0
P0AEY3	1	0	1	1	0
P0AEY5	1	1	2	1	1
P0AEY8	1	0	1	1	0
P0AEZ1	1	1	2	1	1
P0AEZ3	1	1	2	1	1
P0AEZ7	1	0	1	1	0
P0AEZ9	1	1	2	1	1
P0AF03	1	1	2	1	1
P0AF06	1	0	1	1	0
P0AF08	1	1	2	1	1
P0AF10	0	0	0	0	0
P0AF12	1	1	2	1	1
P0AF18	1	1	2	1	1
P0AF20	1	1	2	1	1
P0AF24	1	1	2	1	1
P0AF26	1	0	1	1	0
P0AF28	1	1	2	1	1
P0AF34	0	0	0	0	0
P0AF40	1	0	1	1	0
P0AF48	1	0	1	1	0
P0AF50	1	0	1	1	0
P0AF56	0	0	0	0	0
P0AF63	1	1	2	1	1
P0AF67	1	1	2	1	1
P0AF70	1	1	2	1	1
P0AF76	1	0	1	1	0
P0AF80	0	0	0	0	0
P0AF82	1	0	1	1	0
P0AF93	1	1	2	1	1
P0AFA2	1	1	2	1	1
P0AFB1	1	1	2	1	1
P0AFB5	1	1	2	1	1
P0AFB8	1	1	2	1	1
P0AFC0	1	1	2	1	1
P0AFC3	1	1	2	1	1
P0AFC7	1	1	2	1	1
P0AFD1	1	1	2	1	1
P0AFD4	1	1	2	1	1
P0AFD6	1	1	2	1	1
P0AFE8	1	1	2	1	1
P0AFF0	1	1	2	1	1
P0AFF2	1	1	2	1	1
P0AFF6	1	1	2	1	1
P0AFG0	1	1	2	1	1
P0AFG3	1	1	2	1	1
P0AFG6	1	1	2	1	1
P0AFG8	1	1	2	1	1
P0AFH8	1	1	2	1	1
P0AFI0	1	0	1	1	0
P0AFI2	1	1	2	1	1
P0AFI5	1	0	1	1	0
P0AFI7	1	1	2	1	1
P0AFJ5	1	0	1	1	0
P0AFJ7	1	1	2	1	1
P0AFK0	1	1	2	1	1
P0AFK2	1	1	2	1	1
P0AFK4	1	1	2	1	1
P0AFK6	1	1	2	1	1
P0AFK9	1	1	2	1	1
P0AFL6	1	1	2	1	1
P0AFL9	1	0	1	1	0
P0AFM2	1	1	2	1	1
P0AFP2	1	0	1	1	0
P0AFP6	1	1	2	1	1
P0AFP9	1	1	2	1	1
P0AFQ2	1	0	1	1	0
P0AFQ5	0	0	0	0	0
P0AFQ7	1	1	2	1	1
P0AFR0	1	0	1	1	0
P0AFR4	1	1	2	1	1
P0AFS3	0	0	0	0	0
P0AFS9	1	1	2	1	1
P0AFT5	1	1	2	1	1
P0AFU0	1	0	1	1	0
P0AFU4	1	1	2	1	1
P0AFU8	1	1	2	1	1
P0AFV0	0	0	0	0	0
P0AFV2	1	0	1	1	0
P0AFV4	1	0	1	1	0
P0AFW0	1	1	2	1	1
P0AFW4	1	0	1	1	0
P0AFW8	1	0	1	1	0
P0AFX0	1	1	2	1	1
P0AFX4	1	1	2	1	1
P0AFX9	1	1	2	1	1
P0AFY2	1	1	2	1	1
P0AFY6	1	1	2	1	1
P0AFY8	1	1	2	1	1
P0AFZ1	1	0	1	1	0
P0AFZ3	1	1	2	1	1
P0AFZ7	1	1	2	1	1
P0AG00	1	1	2	1	1
P0AG03	1	0	1	1	0
P0AG07	1	1	2	1	1
P0AG16	1	0	1	1	0
P0AG24	1	1	2	1	1
P0AG27	1	1	2	1	1
P0AG30	1	1	2	1	1
P0AG40	1	1	2	1	1
P0AG44	1	1	2	1	1
P0AG55	1	1	2	1	1
P0AG59	1	1	2	1	1
P0AG63	1	1	2	1	1
P0AG71	1	1	2	1	1
P0AG76	1	0	1	1	0
P0AG78	1	0	1	1	0
P0AG80	1	1	2	1	1
P0AG82	1	1	2	1	1
P0AG84	1	1	2	1	1
P0AG86	1	1	2	1	1
P0AG90	1	1	2	1	1
P0AG93	1	1	2	1	1
P0AG99	1	1	2	1	1
P0AGA2	1	1	2	1	1
P0AGA6	1	1	2	1	1
P0AGB0	1	1	2	1	1
P0AGB3	1	0	1	1	0
P0AGB6	1	1	2	1	1
P0AGC0	1	0	1	1	0
P0AGC3	1	1	2	1	1
P0AGD1	1	1	2	1	1
P0AGD3	1	1	2	1	1
P0AGD7	1	1	2	1	1
P0AGE0	1	1	2	1	1
P0AGE6	1	0	1	1	0
P0AGF2	1	0	1	1	0
P0AGF6	1	0	1	1	0
P0AGG0	1	1	2	1	1
P0AGG2	1	0	1	1	0
P0AGG4	1	1	2	1	1
P0AGG8	1	1	2	1	1
P0AGH3	1	1	2	1	1
P0AGH5	1	1	2	1	1
P0AGJ2	1	0	1	1	0
P0AGJ5	1	1	2	1	1
P0AGJ7	1	0	1	1	0
P0AGK8	1	1	2	1	1
P0AGL2	1	0	1	1	0
P0AGL5	1	0	1	1	0
P0AGL7	1	1	2	1	1
P0AGM0	1	0	1	1	0
P0AGM5	1	0	1	1	0
P0AGM7	1	0	1	1	0
P0AGM9	0	0	0	0	0
P0C037	1	0	1	1	0
P0C054	1	1	2	1	1
P0C058	1	1	2	1	1
P0C066	1	1	2	1	1
P0C093	1	1	2	1	1
P0C0K3	1	1	2	1	1
P0C0L2	1	0	1	1	0
P0C0L7	1	1	2	1	1
P0C0R7	1	1	2	1	1
P0C0U4	1	1	2	1	1
P0C8K0	1	0	1	1	0
P0C960	1	1	2	1	1
P0CB39	1	1	2	1	1
P10121	1	1	2	1	1
P10346	1	1	2	1	1
P10378	1	0	1	1	0
P10408	1	1	2	1	1
P10423	0	0	0	0	0
P10441	1	1	2	1	1
P10442	0	1	1	0	1
P10443	1	1	2	1	1
P10905	0	0	0	0	0
P10906	0	1	1	0	1
P10907	1	1	2	1	1
P11071	1	0	1	1	0
P11289	0	1	1	0	1
P11290	1	1	2	1	1
P11349	1	1	2	1	1
P11350	1	1	2	1	1
P11446	1	1	2	1	1
P11447	1	1	2	1	1
P11454	1	0	1	1	0
P11458	1	0	1	1	0
P11663	0	0	0	0	0
P11875	1	1	2	1	1
P11880	1	1	2	1	1
P12008	1	1	2	1	1
P12281	1	1	2	1	1
P12282	1	0	1	1	0
P12295	1	0	1	1	0
P12758	1	1	2	1	1
P12994	1	0	1	1	0
P12995	1	0	1	1	0
P12996	1	0	1	1	0
P12999	1	0	1	1	0
P13000	1	0	1	1	0
P13001	1	1	2	1	1
P13009	1	1	2	1	1
P13016	0	1	1	0	1
P13024	1	1	2	1	1
P13029	1	1	2	1	1
P13033	1	0	1	1	0
P13039	1	0	1	1	0
P13518	1	1	2	1	1
P14081	1	1	2	1	1
P14294	1	1	2	1	1
P14376	1	1	2	1	1
P14407	1	0	1	1	0
P15034	1	1	2	1	1
P15038	1	1	2	1	1
P15042	1	1	2	1	1
P15067	1	0	1	1	0
P15254	1	1	2	1	1
P15288	1	1	2	1	1
P15639	1	1	2	1	1
P15640	1	0	1	1	0
P15723	1	0	1	1	0
P15770	1	1	2	1	1
P15877	1	1	2	1	1
P15977	1	1	2	1	1
P15993	1	1	2	1	1
P16095	1	1	2	1	1
P16384	1	1	2	1	1
P16430	0	0	0	0	0
P16431	1	0	1	1	0
P16432	1	0	1	1	0
P16433	1	0	1	1	0
P16456	1	1	2	1	1
P16525	1	1	2	1	1
P16528	1	1	2	1	1
P16659	1	1	2	1	1
P16676	1	1	2	1	1
P16677	1	0	1	1	0
P16678	1	0	1	1	0
P16679	1	0	1	1	0
P16682	1	0	1	1	0
P16684	1	1	2	1	1
P16685	0	0	0	0	0
P16686	0	0	0	0	0
P16687	1	0	1	1	0
P16689	1	0	1	1	0
P16691	0	0	0	0	0
P16700	1	1	2	1	1
P16703	1	0	1	1	0
P17109	1	0	1	1	0
P17115	1	1	2	1	1
P17334	1	0	1	1	0
P17410	0	0	0	0	0
P17411	1	0	1	1	0
P17443	1	1	2	1	1
P17802	1	0	1	1	0
P17854	1	1	2	1	1
P17888	1	1	2	1	1
P17952	1	1	2	1	1
P17993	1	1	2	1	1
P18196	1	1	2	1	1
P18200	0	0	0	0	0
P18335	1	1	2	1	1
P18390	1	0	1	1	0
P18392	1	0	1	1	0
P18776	1	0	1	1	0
P18843	1	1	2	1	1
P18956	1	0	1	1	0
P19318	1	0	1	1	0
P19319	1	1	2	1	1
P19323	1	0	1	1	0
P19624	1	1	2	1	1
P19931	1	0	1	1	0
P19932	0	0	0	0	0
P20083	1	1	2	1	1
P21151	1	1	2	1	1
P21156	1	0	1	1	0
P21165	1	1	2	1	1
P21169	1	0	1	1	0
P21170	1	1	2	1	1
P21177	1	1	2	1	1
P21179	1	1	2	1	1
P21338	1	1	2	1	1
P21345	1	1	2	1	1
P21369	1	0	1	1	0
P21499	1	1	2	1	1
P21503	0	0	0	0	0
P21517	1	0	1	1	0
P21599	1	1	2	1	1
P21645	1	0	1	1	0
P21693	1	0	1	1	0
P21866	1	1	2	1	1
P21888	1	1	2	1	1
P21889	1	1	2	1	1
P21893	1	1	2	1	1
P22106	1	1	2	1	1
P22256	1	1	2	1	1
P22259	1	1	2	1	1
P22333	1	1	2	1	1
P22523	1	1	2	1	1
P22524	1	1	2	1	1
P22525	1	1	2	1	1
P22634	1	1	2	1	1
P22731	1	0	1	1	0
P22787	1	0	1	1	0
P22939	1	1	2	1	1
P23003	1	0	1	1	0
P23256	1	0	1	1	0
P23331	1	0	1	1	0
P23367	1	1	2	1	1
P23522	1	0	1	1	0
P23524	1	0	1	1	0
P23538	1	1	2	1	1
P23721	1	1	2	1	1
P23830	1	1	2	1	1
P23836	1	1	2	1	1
P23837	1	1	2	1	1
P23839	1	1	2	1	1
P23843	1	1	2	1	1
P23845	1	1	2	1	1
P23847	1	1	2	1	1
P23862	1	1	2	1	1
P23865	1	1	2	1	1
P23871	1	1	2	1	1
P23872	1	0	1	1	0
P23878	1	1	2	1	1
P23882	1	1	2	1	1
P23886	1	1	2	1	1
P23893	1	1	2	1	1
P23894	1	1	2	1	1
P23898	1	0	1	1	0
P23908	1	1	2	1	1
P23909	1	1	2	1	1
P23917	1	0	1	1	0
P23930	1	1	2	1	1
P24171	1	1	2	1	1
P24173	1	1	2	1	1
P24174	1	0	1	1	0
P24175	1	1	2	1	1
P24177	1	1	2	1	1
P24178	1	0	1	1	0
P24182	1	1	2	1	1
P24186	1	1	2	1	1
P24188	1	1	2	1	1
P24192	1	1	2	1	1
P24193	1	1	2	1	1
P24197	0	0	0	0	0
P24205	1	1	2	1	1
P24228	1	1	2	1	1
P24230	1	1	2	1	1
P24232	1	1	2	1	1
P24238	0	0	0	0	0
P24252	1	0	1	1	0
P24554	1	1	2	1	1
P24555	1	0	1	1	0
P25437	1	1	2	1	1
P25519	1	1	2	1	1
P25522	1	1	2	1	1
P25527	1	0	1	1	0
P25531	0	0	0	0	0
P25534	1	1	2	1	1
P25535	1	1	2	1	1
P25536	1	0	1	1	0
P25539	1	1	2	1	1
P25550	0	0	0	0	0
P25665	1	1	2	1	1
P25714	1	1	2	1	1
P25718	1	0	1	1	0
P25728	1	0	1	1	0
P25737	1	1	2	1	1
P25738	1	0	1	1	0
P25743	1	0	1	1	0
P25745	1	0	1	1	0
P25746	1	1	2	1	1
P25748	1	0	1	1	0
P25772	1	0	1	1	0
P25888	1	1	2	1	1
P25889	1	0	1	1	0
P26365	1	1	2	1	1
P26458	1	0	1	1	0
P26459	1	0	1	1	0
P26616	1	1	2	1	1
P26647	1	1	2	1	1
P26648	1	1	2	1	1
P27238	1	0	1	1	0
P27245	1	0	1	1	0
P27249	1	1	2	1	1
P27278	1	1	2	1	1
P27294	1	1	2	1	1
P27296	1	0	1	1	0
P27297	1	0	1	1	0
P27298	1	1	2	1	1
P27302	1	1	2	1	1
P27305	1	0	1	1	0
P27306	1	1	2	1	1
P27431	1	1	2	1	1
P27550	1	1	2	1	1
P27828	1	1	2	1	1
P27829	1	0	1	1	0
P27830	1	0	1	1	0
P27833	1	1	2	1	1
P27836	1	1	2	1	1
P27838	1	0	1	1	0
P27844	0	0	0	0	0
P27848	1	1	2	1	1
P27862	1	1	2	1	1
P27896	1	1	2	1	1
P28224	1	1	2	1	1
P28248	1	1	2	1	1
P28249	1	1	2	1	1
P28305	1	1	2	1	1
P28306	1	1	2	1	1
P28634	1	0	1	1	0
P28635	1	1	2	1	1
P28638	1	0	1	1	0
P28696	1	0	1	1	0
P28861	1	1	2	1	1
P28903	1	1	2	1	1
P28904	1	1	2	1	1
P28905	1	0	1	1	0
P29012	1	0	1	1	0
P29013	1	1	2	1	1
P29018	1	1	2	1	1
P29208	1	1	2	1	1
P29217	1	1	2	1	1
P29680	1	1	2	1	1
P29744	1	0	1	1	0
P29745	1	1	2	1	1
P30011	1	1	2	1	1
P30014	1	0	1	1	0
P30128	1	1	2	1	1
P30136	1	0	1	1	0
P30137	1	1	2	1	1
P30138	1	0	1	1	0
P30139	1	0	1	1	0
P30140	1	0	1	1	0
P30143	1	0	1	1	0
P30177	1	1	2	1	1
P30178	1	1	2	1	1
P30745	1	1	2	1	1
P30749	1	0	1	1	0
P30750	1	1	2	1	1
P30843	1	1	2	1	1
P30844	1	1	2	1	1
P30845	1	1	2	1	1
P30847	1	1	2	1	1
P30850	1	1	2	1	1
P30859	1	1	2	1	1
P30863	1	0	1	1	0
P30864	1	1	2	1	1
P30866	1	0	1	1	0
P30870	1	1	2	1	1
P30871	1	1	2	1	1
P30958	1	1	2	1	1
P31069	1	1	2	1	1
P31119	1	1	2	1	1
P31120	1	1	2	1	1
P31125	0	0	0	0	0
P31129	1	0	1	1	0
P31133	1	0	1	1	0
P31134	1	0	1	1	0
P31142	1	1	2	1	1
P31433	1	1	2	1	1
P31435	0	0	0	0	0
P31440	0	0	0	0	0
P31443	1	0	1	1	0
P31455	1	0	1	1	0
P31462	1	0	1	1	0
P31466	1	0	1	1	0
P31474	1	0	1	1	0
P31475	1	1	2	1	1
P31545	1	1	2	1	1
P31551	1	0	1	1	0
P31552	1	0	1	1	0
P31553	0	0	0	0	0
P31554	1	1	2	1	1
P31658	1	0	1	1	0
P31663	1	1	2	1	1
P31666	1	0	1	1	0
P31677	1	1	2	1	1
P31678	1	1	2	1	1
P31679	0	0	0	0	0
P31802	1	1	2	1	1
P31808	1	1	2	1	1
P31979	1	1	2	1	1
P32055	1	0	1	1	0
P32056	0	0	0	0	0
P32057	1	0	1	1	0
P32099	1	1	2	1	1
P32108	0	0	0	0	0
P32125	1	0	1	1	0
P32129	0	0	0	0	0
P32131	1	1	2	1	1
P32132	1	1	2	1	1
P32156	1	0	1	1	0
P32157	1	0	1	1	0
P32160	1	1	2	1	1
P32162	1	0	1	1	0
P32166	1	1	2	1	1
P32169	1	0	1	1	0
P32170	1	0	1	1	0
P32171	1	0	1	1	0
P32173	1	1	2	1	1
P32177	1	0	1	1	0
P32662	1	0	1	1	0
P32664	1	1	2	1	1
P32669	1	0	1	1	0
P32670	1	0	1	1	0
P32674	1	0	1	1	0
P32675	1	0	1	1	0
P32676	0	0	0	0	0
P32677	0	0	0	0	0
P32680	1	0	1	1	0
P32681	1	1	2	1	1
P32684	1	1	2	1	1
P32687	0	0	0	0	0
P32689	1	0	1	1	0
P32695	1	1	2	1	1
P32700	0	0	0	0	0
P32712	0	0	0	0	0
P32714	1	0	1	1	0
P32715	1	0	1	1	0
P33011	1	1	2	1	1
P33012	1	0	1	1	0
P33018	1	0	1	1	0
P33022	1	0	1	1	0
P33024	1	0	1	1	0
P33136	1	1	2	1	1
P33195	1	1	2	1	1
P33219	1	0	1	1	0
P33224	1	0	1	1	0
P33225	1	0	1	1	0
P33226	1	0	1	1	0
P33232	1	1	2	1	1
P33235	1	0	1	1	0
P33355	1	1	2	1	1
P33358	1	1	2	1	1
P33360	1	0	1	1	0
P33362	1	1	2	1	1
P33363	1	1	2	1	1
P33368	1	0	1	1	0
P33371	1	0	1	1	0
P33554	0	0	0	0	0
P33570	1	1	2	1	1
P33590	1	0	1	1	0
P33591	0	0	0	0	0
P33593	1	0	1	1	0
P33594	1	0	1	1	0
P33596	1	0	1	1	0
P33599	1	1	2	1	1
P33602	1	1	2	1	1
P33607	1	1	2	1	1
P33643	1	0	1	1	0
P33644	1	0	1	1	0
P33650	1	1	2	1	1
P33915	1	0	1	1	0
P33916	1	1	2	1	1
P33919	1	0	1	1	0
P33920	1	1	2	1	1
P33927	1	1	2	1	1
P33934	1	0	1	1	0
P33937	1	0	1	1	0
P33940	1	1	2	1	1
P34209	1	1	2	1	1
P34749	0	1	1	0	1
P35340	1	1	2	1	1
P36547	1	0	1	1	0
P36548	1	1	2	1	1
P36553	1	0	1	1	0
P36562	0	0	0	0	0
P36566	1	0	1	1	0
P36645	1	0	1	1	0
P36647	0	0	0	0	0
P36659	1	1	2	1	1
P36662	1	0	1	1	0
P36672	1	1	2	1	1
P36673	1	1	2	1	1
P36680	1	1	2	1	1
P36683	1	1	2	1	1
P36767	1	1	2	1	1
P36771	1	1	2	1	1
P36837	1	0	1	1	0
P36879	1	1	2	1	1
P36881	1	0	1	1	0
P36928	1	1	2	1	1
P36929	1	1	2	1	1
P36938	1	1	2	1	1
P36979	1	1	2	1	1
P36999	1	1	2	1	1
P37013	0	0	0	0	0
P37024	1	1	2	1	1
P37025	0	1	1	0	1
P37028	1	1	2	1	1
P37047	1	0	1	1	0
P37051	1	1	2	1	1
P37095	1	1	2	1	1
P37127	1	0	1	1	0
P37128	1	1	2	1	1
P37146	1	0	1	1	0
P37177	1	1	2	1	1
P37180	1	0	1	1	0
P37182	1	1	2	1	1
P37194	1	1	2	1	1
P37195	1	0	1	1	0
P37306	0	0	0	0	0
P37313	1	1	2	1	1
P37338	1	1	2	1	1
P37339	1	1	2	1	1
P37340	1	1	2	1	1
P37344	1	1	2	1	1
P37348	0	0	0	0	0
P37353	1	0	1	1	0
P37355	1	0	1	1	0
P37387	1	0	1	1	0
P37440	1	1	2	1	1
P37590	1	0	1	1	0
P37595	1	0	1	1	0
P37596	0	0	0	0	0
P37610	1	0	1	1	0
P37619	0	0	0	0	0
P37623	1	0	1	1	0
P37624	1	1	2	1	1
P37631	1	0	1	1	0
P37634	1	1	2	1	1
P37636	1	0	1	1	0
P37637	1	0	1	1	0
P37640	1	0	1	1	0
P37641	0	1	1	0	1
P37642	1	1	2	1	1
P37646	1	0	1	1	0
P37647	1	0	1	1	0
P37648	1	1	2	1	1
P37649	1	1	2	1	1
P37651	1	1	2	1	1
P37652	1	1	2	1	1
P37660	0	0	0	0	0
P37661	1	0	1	1	0
P37664	1	0	1	1	0
P37666	1	1	2	1	1
P37686	1	0	1	1	0
P37689	1	1	2	1	1
P37690	1	1	2	1	1
P37691	0	1	1	0	1
P37692	1	1	2	1	1
P37758	1	0	1	1	0
P37765	1	1	2	1	1
P37767	1	1	2	1	1
P37773	1	1	2	1	1
P37794	1	0	1	1	0
P37903	1	1	2	1	1
P37908	1	1	2	1	1
P38038	1	1	2	1	1
P38051	1	0	1	1	0
P38054	1	0	1	1	0
P38055	0	0	0	0	0
P38135	1	0	1	1	0
P38489	1	1	2	1	1
P38506	1	1	2	1	1
P38521	1	0	1	1	0
P38683	1	0	1	1	0
P38684	1	1	2	1	1
P39163	1	1	2	1	1
P39165	0	0	0	0	0
P39173	1	1	2	1	1
P39176	1	1	2	1	1
P39177	1	1	2	1	1
P39187	1	1	2	1	1
P39199	1	1	2	1	1
P39206	0	0	0	0	0
P39267	1	0	1	1	0
P39276	0	0	0	0	0
P39279	1	0	1	1	0
P39285	1	1	2	1	1
P39286	1	1	2	1	1
P39288	1	0	1	1	0
P39293	1	0	1	1	0
P39298	1	0	1	1	0
P39300	1	1	2	1	1
P39301	1	0	1	1	0
P39304	1	0	1	1	0
P39305	1	0	1	1	0
P39306	1	0	1	1	0
P39314	0	0	0	0	0
P39315	1	0	1	1	0
P39321	1	1	2	1	1
P39325	1	1	2	1	1
P39337	1	1	2	1	1
P39342	1	1	2	1	1
P39404	1	0	1	1	0
P39405	0	0	0	0	0
P39406	1	1	2	1	1
P39407	1	1	2	1	1
P39408	1	0	1	1	0
P39409	0	0	0	0	0
P39411	1	1	2	1	1
P39452	1	1	2	1	1
P39453	1	0	1	1	0
P39829	1	0	1	1	0
P39831	1	1	2	1	1
P39836	1	0	1	1	0
P39902	1	0	1	1	0
P40191	1	0	1	1	0
P40710	1	1	2	1	1
P40711	1	0	1	1	0
P40719	1	1	2	1	1
P40874	1	0	1	1	0
P41052	1	1	2	1	1
P41409	1	0	1	1	0
P42588	1	0	1	1	0
P42590	1	0	1	1	0
P42591	0	0	0	0	0
P42592	1	0	1	1	0
P42593	1	1	2	1	1
P42596	1	1	2	1	1
P42598	1	0	1	1	0
P42599	1	0	1	1	0
P42601	0	1	1	0	1
P42603	0	0	0	0	0
P42604	1	0	1	1	0
P42616	1	0	1	1	0
P42624	1	0	1	1	0
P42632	1	1	2	1	1
P42640	0	0	0	0	0
P42904	1	1	2	1	1
P42907	0	0	0	0	0
P42911	1	0	1	1	0
P43329	1	1	2	1	1
P43337	1	1	2	1	1
P43341	1	1	2	1	1
P43531	1	0	1	1	0
P43533	1	0	1	1	0
P43667	0	0	0	0	0
P43671	1	1	2	1	1
P43674	1	0	1	1	0
P45395	1	0	1	1	0
P45463	1	0	1	1	0
P45465	1	0	1	1	0
P45468	1	0	1	1	0
P45469	1	1	2	1	1
P45472	1	0	1	1	0
P45475	1	0	1	1	0
P45524	1	1	2	1	1
P45527	1	0	1	1	0
P45537	1	1	2	1	1
P45565	1	1	2	1	1
P45577	1	1	2	1	1
P45578	1	1	2	1	1
P45579	1	0	1	1	0
P45748	1	1	2	1	1
P45751	1	0	1	1	0
P45753	1	0	1	1	0
P45767	0	0	0	0	0
P45768	1	0	1	1	0
P45769	1	0	1	1	0
P45771	1	0	1	1	0
P45799	1	1	2	1	1
P45800	1	1	2	1	1
P46022	1	1	2	1	1
P46118	1	1	2	1	1
P46126	1	0	1	1	0
P46130	1	1	2	1	1
P46136	0	0	0	0	0
P46139	1	0	1	1	0
P46141	0	0	0	0	0
P46142	1	0	1	1	0
P46478	0	0	0	0	0
P46482	1	1	2	1	1
P46837	1	1	2	1	1
P46850	1	0	1	1	0
P46852	1	0	1	1	0
P46853	1	1	2	1	1
P46859	1	1	2	1	1
P46888	1	1	2	1	1
P46889	1	1	2	1	1
P46890	0	0	0	0	0
P46891	0	0	0	0	0
P50456	1	1	2	1	1
P50465	1	1	2	1	1
P50466	1	0	1	1	0
P51024	1	1	2	1	1
P51025	1	1	2	1	1
P51981	1	0	1	1	0
P52005	1	0	1	1	0
P52007	1	1	2	1	1
P52044	1	0	1	1	0
P52052	1	0	1	1	0
P52061	1	0	1	1	0
P52062	1	0	1	1	0
P52076	1	1	2	1	1
P52086	0	0	0	0	0
P52095	1	0	1	1	0
P52102	0	0	0	0	0
P52107	1	0	1	1	0
P52108	1	1	2	1	1
P52599	1	0	1	1	0
P52636	0	0	0	0	0
P52643	1	1	2	1	1
P52645	1	1	2	1	1
P52647	1	1	2	1	1
P54901	1	1	2	1	1
P55135	1	1	2	1	1
P55138	1	0	1	1	0
P55798	0	0	0	0	0
P56256	1	0	1	1	0
P56262	1	1	2	1	1
P60061	1	0	1	1	0
P60293	1	1	2	1	1
P60340	1	0	1	1	0
P60390	1	1	2	1	1
P60422	1	1	2	1	1
P60438	1	1	2	1	1
P60472	1	0	1	1	0
P60546	1	1	2	1	1
P60560	1	1	2	1	1
P60566	1	0	1	1	0
P60584	1	0	1	1	0
P60595	1	1	2	1	1
P60624	1	1	2	1	1
P60651	1	1	2	1	1
P60664	1	1	2	1	1
P60716	1	1	2	1	1
P60720	1	1	2	1	1
P60723	1	1	2	1	1
P60752	1	1	2	1	1
P60757	1	1	2	1	1
P60778	0	0	0	0	0
P60782	1	0	1	1	0
P60785	1	1	2	1	1
P60869	1	1	2	1	1
P60906	1	1	2	1	1
P60932	1	1	2	1	1
P60955	1	1	2	1	1
P61175	1	1	2	1	1
P61316	1	1	2	1	1
P61320	1	1	2	1	1
P61517	1	1	2	1	1
P61714	1	1	2	1	1
P61887	1	0	1	1	0
P61889	1	1	2	1	1
P61949	1	1	2	1	1
P62395	0	0	0	0	0
P62517	1	1	2	1	1
P62601	1	0	1	1	0
P62615	1	0	1	1	0
P62620	1	1	2	1	1
P62623	1	1	2	1	1
P62672	1	1	2	1	1
P62707	1	1	2	1	1
P62768	1	1	2	1	1
P63020	1	1	2	1	1
P63177	1	1	2	1	1
P63183	1	1	2	1	1
P63201	1	0	1	1	0
P63204	1	0	1	1	0
P63224	1	1	2	1	1
P63228	1	0	1	1	0
P63264	1	0	1	1	0
P63284	1	1	2	1	1
P63340	1	1	2	1	1
P63386	1	1	2	1	1
P63389	1	1	2	1	1
P63417	1	0	1	1	0
P63746	0	0	0	0	0
P63883	1	1	2	1	1
P64423	1	1	2	1	1
P64426	1	0	1	1	0
P64439	0	0	0	0	0
P64445	0	0	0	0	0
P64476	1	0	1	1	0
P64479	0	0	0	0	0
P64481	0	0	0	0	0
P64490	1	0	1	1	0
P64515	1	0	1	1	0
P64540	1	0	1	1	0
P64548	1	0	1	1	0
P64550	0	0	0	0	0
P64554	1	1	2	1	1
P64557	0	0	0	0	0
P64559	1	0	1	1	0
P64574	1	1	2	1	1
P64588	1	1	2	1	1
P64590	1	1	2	1	1
P64599	1	0	1	1	0
P64604	1	1	2	1	1
P64606	1	1	2	1	1
P64610	0	0	0	0	0
P64612	0	1	1	0	1
P64616	0	0	0	0	0
P64624	1	1	2	1	1
P64636	1	1	2	1	1
P65298	1	0	1	1	0
P65556	1	0	1	1	0
P65643	1	0	1	1	0
P65807	1	0	1	1	0
P65870	1	0	1	1	0
P66817	1	1	2	1	1
P66899	1	0	1	1	0
P66948	1	1	2	1	1
P67080	1	1	2	1	1
P67087	1	1	2	1	1
P67095	1	0	1	1	0
P67153	0	0	0	0	0
P67244	1	1	2	1	1
P67430	1	0	1	1	0
P67444	1	0	1	1	0
P67553	1	1	2	1	1
P67601	1	0	1	1	0
P67660	1	1	2	1	1
P67662	1	1	2	1	1
P67762	1	0	1	1	0
P67826	1	0	1	1	0
P67910	1	1	2	1	1
P68183	1	0	1	1	0
P68187	1	0	1	1	0
P68398	1	1	2	1	1
P68567	1	0	1	1	0
P68644	1	1	2	1	1
P68688	0	0	0	0	0
P68739	1	1	2	1	1
P68767	1	1	2	1	1
P69054	1	1	2	1	1
P69228	1	1	2	1	1
P69380	1	1	2	1	1
P69423	1	1	2	1	1
P69425	1	1	2	1	1
P69441	1	1	2	1	1
P69451	1	1	2	1	1
P69490	1	1	2	1	1
P69503	1	1	2	1	1
P69506	1	0	1	1	0
P69739	1	0	1	1	0
P69783	1	1	2	1	1
P69786	1	1	2	1	1
P69791	1	0	1	1	0
P69801	1	1	2	1	1
P69805	1	1	2	1	1
P69829	1	1	2	1	1
P69853	1	0	1	1	0
P69874	1	1	2	1	1
P69902	1	0	1	1	0
P69908	1	0	1	1	0
P69910	1	0	1	1	0
P69922	1	0	1	1	0
P69924	1	1	2	1	1
P69931	1	1	2	1	1
P71237	1	0	1	1	0
P71239	0	0	0	0	0
P71241	1	0	1	1	0
P71242	1	0	1	1	0
P71243	1	0	1	1	0
P71244	1	0	1	1	0
P75672	1	1	2	1	1
P75713	1	0	1	1	0
P75726	1	0	1	1	0
P75728	1	1	2	1	1
P75733	0	0	0	0	0
P75734	1	0	1	1	0
P75736	1	0	1	1	0
P75742	1	0	1	1	0
P75745	1	1	2	1	1
P75779	1	0	1	1	0
P75780	1	1	2	1	1
P75785	1	0	1	1	0
P75792	1	0	1	1	0
P75793	1	1	2	1	1
P75794	1	0	1	1	0
P75796	1	1	2	1	1
P75797	1	1	2	1	1
P75799	0	0	0	0	0
P75801	1	1	2	1	1
P75804	1	0	1	1	0
P75806	0	0	0	0	0
P75809	1	0	1	1	0
P75811	1	0	1	1	0
P75817	1	1	2	1	1
P75820	1	1	2	1	1
P75822	1	1	2	1	1
P75823	1	1	2	1	1
P75824	1	0	1	1	0
P75825	1	0	1	1	0
P75828	1	1	2	1	1
P75829	1	1	2	1	1
P75830	1	1	2	1	1
P75838	1	1	2	1	1
P75839	1	0	1	1	0
P75849	1	1	2	1	1
P75853	0	0	0	0	0
P75862	1	0	1	1	0
P75863	1	1	2	1	1
P75864	1	1	2	1	1
P75867	1	1	2	1	1
P75869	1	0	1	1	0
P75870	1	1	2	1	1
P75874	1	0	1	1	0
P75876	1	1	2	1	1
P75893	1	0	1	1	0
P75894	1	0	1	1	0
P75897	0	0	0	0	0
P75898	0	0	0	0	0
P75914	1	0	1	1	0
P75915	1	1	2	1	1
P75916	0	0	0	0	0
P75919	1	1	2	1	1
P75920	0	0	0	0	0
P75938	1	0	1	1	0
P75942	1	0	1	1	0
P75946	1	1	2	1	1
P75948	1	0	1	1	0
P75949	1	1	2	1	1
P75952	1	0	1	1	0
P75954	1	0	1	1	0
P75957	1	1	2	1	1
P75960	1	0	1	1	0
P75966	1	0	1	1	0
P76001	1	0	1	1	0
P76004	1	0	1	1	0
P76008	1	0	1	1	0
P76010	1	0	1	1	0
P76027	1	1	2	1	1
P76034	1	1	2	1	1
P76046	1	1	2	1	1
P76053	1	1	2	1	1
P76055	1	1	2	1	1
P76121	1	0	1	1	0
P76127	0	0	0	0	0
P76134	0	0	0	0	0
P76135	0	0	0	0	0
P76149	1	1	2	1	1
P76169	0	0	0	0	0
P76176	1	0	1	1	0
P76182	0	1	1	0	1
P76187	1	0	1	1	0
P76193	1	1	2	1	1
P76198	0	0	0	0	0
P76201	0	0	0	0	0
P76206	1	0	1	1	0
P76208	1	1	2	1	1
P76213	1	0	1	1	0
P76214	1	0	1	1	0
P76215	1	0	1	1	0
P76216	0	0	0	0	0
P76221	1	0	1	1	0
P76222	1	1	2	1	1
P76234	0	0	0	0	0
P76235	1	0	1	1	0
P76236	1	0	1	1	0
P76243	1	0	1	1	0
P76245	1	1	2	1	1
P76249	0	0	0	0	0
P76256	1	1	2	1	1
P76257	1	1	2	1	1
P76261	1	0	1	1	0
P76264	0	0	0	0	0
P76268	1	1	2	1	1
P76269	0	0	0	0	0
P76272	1	1	2	1	1
P76273	1	0	1	1	0
P76275	0	0	0	0	0
P76278	0	0	0	0	0
P76280	0	0	0	0	0
P76290	1	1	2	1	1
P76291	1	0	1	1	0
P76297	1	0	1	1	0
P76339	1	1	2	1	1
P76340	1	1	2	1	1
P76341	1	0	1	1	0
P76343	1	0	1	1	0
P76344	1	0	1	1	0
P76346	1	1	2	1	1
P76350	0	0	0	0	0
P76369	1	0	1	1	0
P76373	1	1	2	1	1
P76387	1	1	2	1	1
P76389	1	1	2	1	1
P76393	1	0	1	1	0
P76397	1	1	2	1	1
P76398	1	1	2	1	1
P76402	1	0	1	1	0
P76403	1	1	2	1	1
P76406	1	1	2	1	1
P76418	1	0	1	1	0
P76421	0	0	0	0	0
P76422	1	1	2	1	1
P76440	1	0	1	1	0
P76445	1	1	2	1	1
P76446	1	1	2	1	1
P76462	0	0	0	0	0
P76463	1	0	1	1	0
P76466	0	0	0	0	0
P76472	0	1	1	0	1
P76473	1	1	2	1	1
P76483	1	0	1	1	0
P76491	1	1	2	1	1
P76502	1	1	2	1	1
P76503	1	1	2	1	1
P76506	1	1	2	1	1
P76518	1	0	1	1	0
P76524	1	0	1	1	0
P76535	1	1	2	1	1
P76537	1	1	2	1	1
P76539	1	0	1	1	0
P76541	1	0	1	1	0
P76552	1	0	1	1	0
P76553	0	0	0	0	0
P76555	1	0	1	1	0
P76556	0	0	0	0	0
P76558	1	1	2	1	1
P76559	1	0	1	1	0
P76561	1	0	1	1	0
P76576	1	1	2	1	1
P76577	1	0	1	1	0
P76578	1	1	2	1	1
P76584	0	0	0	0	0
P76585	1	0	1	1	0
P76586	1	0	1	1	0
P76594	1	1	2	1	1
P76630	0	1	1	0	1
P76633	1	0	1	1	0
P76641	1	0	1	1	0
P76658	1	1	2	1	1
P76938	0	0	0	0	0
P77147	1	0	1	1	0
P77150	1	0	1	1	0
P77173	1	1	2	1	1
P77174	0	0	0	0	0
P77202	1	0	1	1	0
P77213	1	0	1	1	0
P77214	1	0	1	1	0
P77218	1	0	1	1	0
P77223	1	0	1	1	0
P77239	1	0	1	1	0
P77247	1	0	1	1	0
P77258	1	1	2	1	1
P77260	0	0	0	0	0
P77265	1	1	2	1	1
P77269	1	0	1	1	0
P77277	0	0	0	0	0
P77279	1	0	1	1	0
P77280	1	0	1	1	0
P77285	1	1	2	1	1
P77304	1	1	2	1	1
P77328	0	0	0	0	0
P77334	1	1	2	1	1
P77337	1	0	1	1	0
P77338	1	1	2	1	1
P77360	0	0	0	0	0
P77376	1	0	1	1	0
P77377	1	0	1	1	0
P77378	0	0	0	0	0
P77396	1	0	1	1	0
P77398	1	1	2	1	1
P77399	1	1	2	1	1
P77402	1	0	1	1	0
P77414	0	0	0	0	0
P77434	1	1	2	1	1
P77444	1	1	2	1	1
P77473	1	1	2	1	1
P77475	1	1	2	1	1
P77488	1	1	2	1	1
P77493	1	0	1	1	0
P77499	1	1	2	1	1
P77509	1	0	1	1	0
P77510	1	0	1	1	0
P77522	1	1	2	1	1
P77526	1	0	1	1	0
P77538	0	0	0	0	0
P77539	1	0	1	1	0
P77544	1	0	1	1	0
P77552	1	1	2	1	1
P77555	0	0	0	0	0
P77559	1	1	2	1	1
P77561	1	0	1	1	0
P77567	0	0	0	0	0
P77570	1	0	1	1	0
P77579	0	0	0	0	0
P77581	1	1	2	1	1
P77585	1	0	1	1	0
P77625	1	1	2	1	1
P77671	1	0	1	1	0
P77689	1	1	2	1	1
P77714	0	0	0	0	0
P77721	1	0	1	1	0
P77726	1	0	1	1	0
P77735	1	1	2	1	1
P77737	1	1	2	1	1
P77739	1	1	2	1	1
P77748	1	1	2	1	1
P77756	1	1	2	1	1
P77757	1	1	2	1	1
P77766	1	1	2	1	1
P77774	1	1	2	1	1
P77775	1	1	2	1	1
P77781	1	0	1	1	0
P77788	1	0	1	1	0
P77804	1	1	2	1	1
P77808	1	0	1	1	0
P78055	1	0	1	1	0
P78067	1	0	1	1	0
P80644	1	1	2	1	1
P80645	1	0	1	1	0
Q46755	1	0	1	1	0
Q46799	1	0	1	1	0
Q46800	1	0	1	1	0
Q46802	1	0	1	1	0
Q46803	1	0	1	1	0
Q46806	0	0	0	0	0
Q46808	1	0	1	1	0
Q46809	0	0	0	0	0
Q46810	1	0	1	1	0
Q46812	1	0	1	1	0
Q46820	1	0	1	1	0
Q46821	1	0	1	1	0
Q46822	0	0	0	0	0
Q46824	1	1	2	1	1
Q46829	1	1	2	1	1
Q46845	1	0	1	1	0
Q46855	1	1	2	1	1
Q46856	1	0	1	1	0
Q46857	1	0	1	1	0
Q46858	0	0	0	0	0
Q46866	0	0	0	0	0
Q46871	0	0	0	0	0
Q46893	1	0	1	1	0
Q46907	1	0	1	1	0
Q46916	0	0	0	0	0
Q46920	1	1	2	1	1
Q46925	1	1	2	1	1
Q46927	1	1	2	1	1
Q46938	1	0	1	1	0
Q46939	1	1	2	1	1
Q46948	1	0	1	1	0
Q47005	0	0	0	0	0
Q47083	1	0	1	1	0
Q47142	0	0	0	0	0
Q47146	1	1	2	1	1
Q47147	1	1	2	1	1
Q47151	1	0	1	1	0
Q47155	1	0	1	1	0
Q47208	0	0	0	0	0
Q47319	1	1	2	1	1
Q47622	1	1	2	1	1
Q47679	1	0	1	1	0
Q47702	1	0	1	1	0
Q47710	1	1	2	1	1
Q57261	1	1	2	1	1
Q93K97	1	0	1	1	0
A5A607	0	0	0	0	0
A5A614	0	0	0	0	0
A5A616	1	0	1	1	0
A5A619	0	0	0	0	0
A5A628	0	0	0	0	0
A5A630	0	0	0	0	0
A8DYQ1	1	0	1	1	0
C1P5Z7	1	0	1	1	0
C1P5Z8	1	0	1	1	0
C1P5Z9	0	0	0	0	0
C1P612	1	0	1	1	0
C1P614	1	0	1	1	0
C1P620	1	0	1	1	0
O32528	1	0	1	1	0
O32583	0	0	0	0	0
P00582	1	1	2	1	1
P00634	1	1	2	1	1
P00722	1	1	2	1	1
P00816	0	0	0	0	0
P00892	1	1	2	1	1
P00893	1	0	1	1	0
P00894	1	1	2	1	1
P00909	1	0	1	1	0
P00926	1	0	1	1	0
P00936	1	1	2	1	1
P00957	1	1	2	1	1
P00960	1	1	2	1	1
P02919	1	1	2	1	1
P02921	1	0	1	1	0
P02929	1	1	2	1	1
P02942	1	0	1	1	0
P03004	1	1	2	1	1
P03023	1	1	2	1	1
P03819	1	1	2	1	1
P03825	0	0	0	0	0
P03841	1	0	1	1	0
P03960	1	1	2	1	1
P04128	1	0	1	1	0
P04391	1	1	2	1	1
P04395	1	0	1	1	0
P04846	1	1	2	1	1
P04949	1	0	1	1	0
P04994	1	1	2	1	1
P05041	1	0	1	1	0
P05100	1	0	1	1	0
P05704	1	1	2	1	1
P05706	1	0	1	1	0
P05707	1	0	1	1	0
P05791	1	1	2	1	1
P05825	1	1	2	1	1
P06134	1	0	1	1	0
P06609	0	0	0	0	0
P06959	1	1	2	1	1
P06972	1	0	1	1	0
P06974	1	0	1	1	0
P06989	1	1	2	1	1
P07012	1	1	2	1	1
P07013	1	0	1	1	0
P07017	1	0	1	1	0
P07018	1	1	2	1	1
P07024	1	1	2	1	1
P07026	1	0	1	1	0
P07117	1	1	2	1	1
P07363	1	0	1	1	0
P07395	1	1	2	1	1
P07464	1	0	1	1	0
P07658	1	0	1	1	0
P08189	1	0	1	1	0
P08190	0	0	0	0	0
P08191	1	0	1	1	0
P08194	1	0	1	1	0
P08202	1	0	1	1	0
P08203	0	0	0	0	0
P08204	1	0	1	1	0
P08245	1	0	1	1	0
P08369	0	0	0	0	0
P08372	0	0	0	0	0
P08390	1	1	2	1	1
P08555	1	0	1	1	0
P08622	1	1	2	1	1
P08660	1	1	2	1	1
P08722	0	0	0	0	0
P08956	1	1	2	1	1
P08957	1	1	2	1	1
P09099	1	0	1	1	0
P09127	1	1	2	1	1
P09151	1	0	1	1	0
P09184	1	0	1	1	0
P09323	1	1	2	1	1
P09372	1	1	2	1	1
P09373	1	1	2	1	1
P09378	1	0	1	1	0
P09551	1	1	2	1	1
P09831	1	1	2	1	1
P09835	1	1	2	1	1
P0A698	1	1	2	1	1
P0A6A6	1	0	1	1	0
P0A6A8	1	1	2	1	1
P0A6C1	1	1	2	1	1
P0A6D3	1	1	2	1	1
P0A6E6	1	1	2	1	1
P0A6F9	1	1	2	1	1
P0A6I0	1	1	2	1	1
P0A6I6	1	0	1	1	0
P0A6L0	1	1	2	1	1
P0A6L7	1	0	1	1	0
P0A6M2	1	1	2	1	1
P0A6N8	1	1	2	1	1
P0A6P1	1	1	2	1	1
P0A6S3	1	0	1	1	0
P0A6S5	1	1	2	1	1
P0A6T5	1	1	2	1	1
P0A6U3	1	1	2	1	1
P0A6U5	1	1	2	1	1
P0A6W0	1	1	2	1	1
P0A6W3	1	1	2	1	1
P0A6X7	1	1	2	1	1
P0A6Y1	1	1	2	1	1
P0A6Y5	1	1	2	1	1
P0A6Z6	1	0	1	1	0
P0A705	1	1	2	1	1
P0A707	1	1	2	1	1
P0A710	0	0	0	0	0
P0A712	0	0	0	0	0
P0A742	1	1	2	1	1
P0A749	1	1	2	1	1
P0A761	1	0	1	1	0
P0A780	1	1	2	1	1
P0A7A2	1	1	2	1	1
P0A7A7	1	1	2	1	1
P0A7C8	0	0	0	0	0
P0A7D1	1	1	2	1	1
P0A7G6	1	0	1	1	0
P0A7J7	1	1	2	1	1
P0A7K2	1	1	2	1	1
P0A7L0	1	1	2	1	1
P0A7L3	1	1	2	1	1
P0A7L8	1	1	2	1	1
P0A7M2	1	1	2	1	1
P0A7M6	1	1	2	1	1
P0A7M9	1	1	2	1	1
P0A7N1	1	0	1	1	0
P0A7N4	1	1	2	1	1
P0A7N9	1	1	2	1	1
P0A7P5	1	1	2	1	1
P0A7Q1	1	1	2	1	1
P0A7Q6	1	1	2	1	1
P0A7R1	1	1	2	1	1
P0A7S3	1	1	2	1	1
P0A7T7	1	1	2	1	1
P0A7U7	1	1	2	1	1
P0A7V3	1	1	2	1	1
P0A800	1	0	1	1	0
P0A814	1	1	2	1	1
P0A821	1	0	1	1	0
P0A830	1	1	2	1	1
P0A843	1	1	2	1	1
P0A862	1	1	2	1	1
P0A877	1	1	2	1	1
P0A881	0	0	0	0	0
P0A890	1	0	1	1	0
P0A898	1	0	1	1	0
P0A8B2	1	1	2	1	1
P0A8B5	1	1	2	1	1
P0A8C8	0	0	0	0	0
P0A8D9	1	1	2	1	1
P0A8G6	1	1	2	1	1
P0A8G9	1	0	1	1	0
P0A8H3	0	0	0	0	0
P0A8H6	1	1	2	1	1
P0A8H8	1	0	1	1	0
P0A8J2	1	1	2	1	1
P0A8K1	1	1	2	1	1
P0A8K5	1	0	1	1	0
P0A8K8	1	1	2	1	1
P0A8Q0	1	1	2	1	1
P0A8Q3	1	1	2	1	1
P0A8R0	1	1	2	1	1
P0A8R4	1	1	2	1	1
P0A8R9	1	1	2	1	1
P0A8S9	1	0	1	1	0
P0A8T1	1	1	2	1	1
P0A8T5	1	0	1	1	0
P0A8V0	1	0	1	1	0
P0A903	1	1	2	1	1
P0A905	1	1	2	1	1
P0A910	1	1	2	1	1
P0A915	1	0	1	1	0
P0A932	1	0	1	1	0
P0A964	1	0	1	1	0
P0A968	1	0	1	1	0
P0A972	1	0	1	1	0
P0A978	1	0	1	1	0
P0A982	1	0	1	1	0
P0A991	1	1	2	1	1
P0A9A6	1	1	2	1	1
P0A9E0	1	0	1	1	0
P0A9E2	1	1	2	1	1
P0A9F9	1	1	2	1	1
P0A9H1	1	1	2	1	1
P0A9H5	1	1	2	1	1
P0A9K1	1	1	2	1	1
P0A9L3	1	1	2	1	1
P0A9M8	1	1	2	1	1
P0A9P9	1	0	1	1	0
P0A9S3	1	1	2	1	1
P0A9T6	1	0	1	1	0
P0A9T8	1	1	2	1	1
P0A9U6	1	0	1	1	0
P0A9U8	0	0	0	0	0
P0A9V8	1	0	1	1	0
P0A9X9	1	0	1	1	0
P0A9Y6	1	1	2	1	1
P0A9Z1	1	1	2	1	1
P0AA04	1	1	2	1	1
P0AA25	1	1	2	1	1
P0AA31	1	0	1	1	0
P0AA57	0	0	0	0	0
P0AA60	1	0	1	1	0
P0AA67	1	0	1	1	0
P0AA70	0	0	0	0	0
P0AA76	0	0	0	0	0
P0AA78	1	0	1	1	0
P0AA80	1	0	1	1	0
P0AA82	1	0	1	1	0
P0AA86	1	1	2	1	1
P0AA89	1	0	1	1	0
P0AAA1	1	1	2	1	1
P0AAA3	0	0	0	0	0
P0AAA5	0	0	0	0	0
P0AAA7	0	0	0	0	0
P0AAA9	0	0	0	0	0
P0AAC8	1	1	2	1	1
P0AAD4	1	0	1	1	0
P0AAE2	1	1	2	1	1
P0AAF1	1	0	1	1	0
P0AAG0	1	1	2	1	1
P0AAG8	1	1	2	1	1
P0AAI1	1	0	1	1	0
P0AAI3	1	1	2	1	1
P0AAJ3	1	0	1	1	0
P0AAL0	0	0	0	0	0
P0AAL9	0	0	0	0	0
P0AAM7	1	0	1	1	0
P0AAN5	1	0	1	1	0
P0AAP5	1	0	1	1	0
P0AAR0	1	0	1	1	0
P0AAR3	1	1	2	1	1
P0AAR5	0	0	0	0	0
P0AAR8	0	0	0	0	0
P0AAS3	1	0	1	1	0
P0AAS7	1	0	1	1	0
P0AAT6	1	0	1	1	0
P0AAU2	1	0	1	1	0
P0AAU5	0	0	0	0	0
P0AAU7	1	0	1	1	0
P0AAV6	1	0	1	1	0
P0AAW5	0	0	0	0	0
P0AAX3	0	0	0	0	0
P0AAY1	0	0	0	0	0
P0AAZ7	1	0	1	1	0
P0AB01	1	1	2	1	1
P0AB14	1	0	1	1	0
P0AB28	1	1	2	1	1
P0AB31	0	0	0	0	0
P0AB35	1	0	1	1	0
P0AB46	1	0	1	1	0
P0AB49	1	0	1	1	0
P0AB65	1	0	1	1	0
P0AB93	1	0	1	1	0
P0ABA0	1	1	2	1	1
P0ABA4	1	1	2	1	1
P0ABB0	1	1	2	1	1
P0ABC0	0	0	0	0	0
P0ABC9	1	1	2	1	1
P0ABD3	1	0	1	1	0
P0ABD5	1	1	2	1	1
P0ABD8	1	1	2	1	1
P0ABE5	1	0	1	1	0
P0ABE9	1	0	1	1	0
P0ABF4	1	0	1	1	0
P0ABG4	1	0	1	1	0
P0ABG7	1	1	2	1	1
P0ABH9	1	0	1	1	0
P0ABK2	1	1	2	1	1
P0ABL1	1	0	1	1	0
P0ABL8	1	0	1	1	0
P0ABM1	1	0	1	1	0
P0ABM5	0	0	0	0	0
P0ABN1	1	1	2	1	1
P0ABN5	1	1	2	1	1
P0ABN9	1	0	1	1	0
P0ABP3	1	0	1	1	0
P0ABP6	1	1	2	1	1
P0ABQ0	1	1	2	1	1
P0ABR5	1	1	2	1	1
P0ABR7	0	0	0	0	0
P0ABR9	0	0	0	0	0
P0ABS8	1	0	1	1	0
P0ABW0	0	0	0	0	0
P0ABW5	0	0	0	0	0
P0ABX8	1	0	1	1	0
P0ABY2	1	0	1	1	0
P0ABY7	0	0	0	0	0
P0ABZ1	1	0	1	1	0
P0ABZ6	1	1	2	1	1
P0AC00	1	0	1	1	0
P0AC05	1	0	1	1	0
P0AC07	1	0	1	1	0
P0AC16	1	1	2	1	1
P0AC47	1	1	2	1	1
P0AC62	1	1	2	1	1
P0AC65	0	0	0	0	0
P0AC78	1	1	2	1	1
P0AC92	1	1	2	1	1
P0AC94	0	0	0	0	0
P0AC96	1	0	1	1	0
P0ACA1	1	0	1	1	0
P0ACA7	1	1	2	1	1
P0ACD8	1	1	2	1	1
P0ACE3	1	0	1	1	0
P0ACG1	1	1	2	1	1
P0ACG8	1	1	2	1	1
P0ACL5	1	0	1	1	0
P0ACM9	1	0	1	1	0
P0ACN4	1	1	2	1	1
P0ACP1	1	1	2	1	1
P0ACP7	1	1	2	1	1
P0ACQ0	1	1	2	1	1
P0ACR0	1	0	1	1	0
P0ACR7	1	1	2	1	1
P0ACR9	1	1	2	1	1
P0ACS7	1	1	2	1	1
P0ACU0	1	1	2	1	1
P0ACU5	1	1	2	1	1
P0ACU7	1	1	2	1	1
P0ACV4	1	1	2	1	1
P0ACV6	1	0	1	1	0
P0ACV8	0	0	0	0	0
P0ACW2	0	0	0	0	0
P0ACW4	1	0	1	1	0
P0ACW6	1	0	1	1	0
P0ACX3	1	1	2	1	1
P0ACX5	1	0	1	1	0
P0ACX9	0	0	0	0	0
P0ACY6	0	0	0	0	0
P0ACY9	1	0	1	1	0
P0ACZ2	0	0	0	0	0
P0ACZ4	1	0	1	1	0
P0AD01	1	0	1	1	0
P0AD07	1	0	1	1	0
P0AD10	1	0	1	1	0
P0AD21	0	0	0	0	0
P0AD24	1	0	1	1	0
P0AD33	1	0	1	1	0
P0AD40	0	0	0	0	0
P0AD42	1	1	2	1	1
P0AD44	1	1	2	1	1
P0AD47	1	0	1	1	0
P0AD49	1	1	2	1	1
P0AD79	0	0	0	0	0
P0AD89	0	0	0	0	0
P0ADA1	1	1	2	1	1
P0ADA3	1	1	2	1	1
P0ADA7	1	0	1	1	0
P0ADB7	1	1	2	1	1
P0ADC1	1	1	2	1	1
P0ADC3	1	1	2	1	1
P0ADC8	1	0	1	1	0
P0ADD9	1	0	1	1	0
P0ADE2	1	0	1	1	0
P0ADG1	0	0	0	0	0
P0ADG4	1	1	2	1	1
P0ADG7	1	1	2	1	1
P0ADI9	1	0	1	1	0
P0ADJ3	0	0	0	0	0
P0ADJ5	0	0	0	0	0
P0ADJ8	0	0	0	0	0
P0ADK4	0	0	0	0	0
P0ADK6	1	1	2	1	1
P0ADK8	1	0	1	1	0
P0ADL6	0	0	0	0	0
P0ADM0	0	0	0	0	0
P0ADM6	1	0	1	1	0
P0ADN6	1	1	2	1	1
P0ADP5	0	0	0	0	0
P0ADQ2	1	1	2	1	1
P0ADQ7	1	1	2	1	1
P0ADT8	1	1	2	1	1
P0ADU2	1	1	2	1	1
P0ADW3	1	1	2	1	1
P0ADW8	0	0	0	0	0
P0ADX5	0	0	0	0	0
P0ADX7	1	1	2	1	1
P0ADZ0	1	1	2	1	1
P0AE06	1	1	2	1	1
P0AE16	0	0	0	0	0
P0AE22	1	0	1	1	0
P0AE24	0	0	0	0	0
P0AE26	1	0	1	1	0
P0AE30	1	1	2	1	1
P0AE42	0	0	0	0	0
P0AE56	1	0	1	1	0
P0AE63	1	0	1	1	0
P0AE67	1	0	1	1	0
P0AE70	1	0	1	1	0
P0AE72	0	0	0	0	0
P0AE85	1	1	2	1	1
P0AE88	1	1	2	1	1
P0AE98	1	0	1	1	0
P0AEB0	1	0	1	1	0
P0AEC5	1	1	2	1	1
P0AED5	1	0	1	1	0
P0AED9	1	0	1	1	0
P0AEE3	1	1	2	1	1
P0AEG1	1	1	2	1	1
P0AEG8	0	0	0	0	0
P0AEH3	1	0	1	1	0
P0AEH5	1	1	2	1	1
P0AEH8	1	0	1	1	0
P0AEJ6	1	0	1	1	0
P0AEK2	1	1	2	1	1
P0AEL3	1	0	1	1	0
P0AEL8	1	0	1	1	0
P0AEM4	1	0	1	1	0
P0AEM6	1	0	1	1	0
P0AEM9	1	0	1	1	0
P0AEN4	1	1	2	1	1
P0AEP1	1	1	2	1	1
P0AEP7	1	0	1	1	0
P0AEP9	1	0	1	1	0
P0AEQ1	1	0	1	1	0
P0AEQ6	1	1	2	1	1
P0AER8	1	1	2	1	1
P0AES6	1	1	2	1	1
P0AET5	1	0	1	1	0
P0AEU3	1	1	2	1	1
P0AEU7	1	1	2	1	1
P0AEW1	1	0	1	1	0
P0AEW9	1	1	2	1	1
P0AEX7	1	0	1	1	0
P0AF16	1	1	2	1	1
P0AF32	1	0	1	1	0
P0AF36	1	0	1	1	0
P0AF43	1	1	2	1	1
P0AF45	0	0	0	0	0
P0AF52	1	1	2	1	1
P0AF54	1	1	2	1	1
P0AF59	0	0	0	0	0
P0AF61	1	0	1	1	0
P0AF73	1	0	1	1	0
P0AF86	0	0	0	0	0
P0AF90	1	0	1	1	0
P0AF96	1	0	1	1	0
P0AF98	1	1	2	1	1
P0AFA7	1	1	2	1	1
P0AFA9	0	0	0	0	0
P0AFE0	1	1	2	1	1
P0AFE4	1	1	2	1	1
P0AFH0	1	1	2	1	1
P0AFH2	1	1	2	1	1
P0AFH6	1	1	2	1	1
P0AFI9	1	1	2	1	1
P0AFJ1	1	0	1	1	0
P0AFL1	0	0	0	0	0
P0AFL3	1	1	2	1	1
P0AFM4	1	0	1	1	0
P0AFN6	0	1	1	0	1
P0AFP0	0	0	0	0	0
P0AFP4	1	1	2	1	1
P0AFR2	1	1	2	1	1
P0AFR7	0	0	0	0	0
P0AFR9	0	0	0	0	0
P0AFS5	0	0	0	0	0
P0AFS7	1	1	2	1	1
P0AFT2	1	0	1	1	0
P0AFT8	0	0	0	0	0
P0AFU2	1	0	1	1	0
P0AFU6	1	0	1	1	0
P0AFW2	1	0	1	1	0
P0AFX7	1	1	2	1	1
P0AFZ5	0	0	0	0	0
P0AG11	0	0	0	0	0
P0AG14	1	1	2	1	1
P0AG18	1	0	1	1	0
P0AG20	1	1	2	1	1
P0AG34	1	1	2	1	1
P0AG38	0	1	1	0	1
P0AG48	1	1	2	1	1
P0AG51	1	1	2	1	1
P0AG67	1	1	2	1	1
P0AG96	1	1	2	1	1
P0AGC5	1	0	1	1	0
P0AGE4	1	1	2	1	1
P0AGE9	1	1	2	1	1
P0AGF4	0	0	0	0	0
P0AGH1	1	1	2	1	1
P0AGH8	0	1	1	0	1
P0AGI1	1	0	1	1	0
P0AGI4	0	0	0	0	0
P0AGI8	1	1	2	1	1
P0AGJ9	1	1	2	1	1
P0AGK1	1	1	2	1	1
P0AGK4	1	1	2	1	1
P0AGM2	1	0	1	1	0
P0C018	1	1	2	1	1
P0C0L9	1	0	1	1	0
P0C0S1	1	1	2	1	1
P0C0T5	1	0	1	1	0
P0C0V0	1	1	2	1	1
P0C8J6	1	1	2	1	1
P0C8J8	1	1	2	1	1
P0CB62	1	0	1	1	0
P0CE44	1	0	1	1	0
P0CE47	1	0	1	1	0
P0CE48	1	0	1	1	0
P10100	1	1	2	1	1
P10151	0	0	0	0	0
P10371	1	1	2	1	1
P10384	1	1	2	1	1
P10902	1	0	1	1	0
P10903	1	0	1	1	0
P10908	1	0	1	1	0
P11286	0	0	0	0	0
P11553	1	0	1	1	0
P11557	1	1	2	1	1
P11664	0	0	0	0	0
P11667	0	0	0	0	0
P11864	1	0	1	1	0
P11865	0	0	0	0	0
P11866	0	0	0	0	0
P11868	1	0	1	1	0
P11988	0	0	0	0	0
P11989	1	0	1	1	0
P12998	0	0	0	0	0
P13035	1	1	2	1	1
P13036	1	1	2	1	1
P13445	1	1	2	1	1
P13458	1	1	2	1	1
P13482	1	1	2	1	1
P13656	1	0	1	1	0
P13669	1	1	2	1	1
P13738	1	1	2	1	1
P13857	1	0	1	1	0
P14175	1	1	2	1	1
P14176	1	1	2	1	1
P14375	1	0	1	1	0
P14377	1	1	2	1	1
P14900	1	1	2	1	1
P15005	1	0	1	1	0
P15006	0	0	0	0	0
P15028	1	1	2	1	1
P15029	0	0	0	0	0
P15030	0	0	0	0	0
P15031	1	1	2	1	1
P15043	1	0	1	1	0
P15047	1	0	1	1	0
P15070	0	0	0	0	0
P15081	1	0	1	1	0
P15082	1	0	1	1	0
P15286	1	1	2	1	1
P15373	1	0	1	1	0
P16256	1	0	1	1	0
P16429	1	0	1	1	0
P16681	1	0	1	1	0
P16683	0	0	0	0	0
P16688	1	0	1	1	0
P16690	1	0	1	1	0
P16692	0	0	0	0	0
P16694	1	0	1	1	0
P16701	0	0	0	0	0
P16869	1	1	2	1	1
P16926	1	1	2	1	1
P17117	1	1	2	1	1
P17169	1	1	2	1	1
P17315	1	1	2	1	1
P17444	1	1	2	1	1
P17445	1	1	2	1	1
P17446	1	1	2	1	1
P17583	1	0	1	1	0
P17846	1	1	2	1	1
P17994	1	0	1	1	0
P18133	1	0	1	1	0
P18393	0	0	0	0	0
P18775	1	1	2	1	1
P18777	1	0	1	1	0
P18811	1	0	1	1	0
P19317	1	0	1	1	0
P19636	0	0	0	0	0
P19642	1	0	1	1	0
P19925	0	0	0	0	0
P19926	1	1	2	1	1
P19930	1	0	1	1	0
P19934	1	1	2	1	1
P20099	1	0	1	1	0
P20605	1	0	1	1	0
P20966	1	1	2	1	1
P21189	1	0	1	1	0
P21361	1	0	1	1	0
P21362	1	0	1	1	0
P21363	1	0	1	1	0
P21365	1	1	2	1	1
P21367	1	1	2	1	1
P21437	1	0	1	1	0
P21507	1	1	2	1	1
P21513	1	1	2	1	1
P21514	1	0	1	1	0
P21515	1	1	2	1	1
P21865	1	1	2	1	1
P22186	1	1	2	1	1
P22188	1	1	2	1	1
P22255	1	1	2	1	1
P22564	1	1	2	1	1
P22586	1	0	1	1	0
P22729	0	0	0	0	0
P23173	1	0	1	1	0
P23200	1	1	2	1	1
P23305	1	1	2	1	1
P23481	0	0	0	0	0
P23482	1	0	1	1	0
P23484	1	0	1	1	0
P23485	1	0	1	1	0
P23827	1	1	2	1	1
P23840	1	0	1	1	0
P23842	1	1	2	1	1
P23869	1	1	2	1	1
P23873	1	0	1	1	0
P23874	1	0	1	1	0
P23876	0	0	0	0	0
P23877	0	0	0	0	0
P23883	0	0	0	0	0
P23890	1	1	2	1	1
P23910	0	0	0	0	0
P24077	1	0	1	1	0
P24169	1	0	1	1	0
P24180	1	0	1	1	0
P24181	1	0	1	1	0
P24183	1	0	1	1	0
P24202	1	1	2	1	1
P24203	1	1	2	1	1
P24207	1	0	1	1	0
P24215	1	1	2	1	1
P24216	1	0	1	1	0
P24224	1	0	1	1	0
P24240	1	0	1	1	0
P24241	1	1	2	1	1
P24242	1	0	1	1	0
P24244	1	0	1	1	0
P24251	1	1	2	1	1
P24255	1	1	2	1	1
P25396	1	0	1	1	0
P25397	1	1	2	1	1
P25516	1	1	2	1	1
P25524	1	0	1	1	0
P25526	1	0	1	1	0
P25549	1	0	1	1	0
P25552	1	1	2	1	1
P25553	1	1	2	1	1
P25736	0	0	0	0	0
P25740	1	1	2	1	1
P25741	1	1	2	1	1
P25742	1	0	1	1	0
P25744	1	0	1	1	0
P25747	0	0	0	0	0
P25798	1	0	1	1	0
P25894	1	1	2	1	1
P25907	0	0	0	0	0
P25960	0	0	0	0	0
P26218	1	0	1	1	0
P26266	1	1	2	1	1
P26281	0	0	0	0	0
P26602	1	1	2	1	1
P26608	0	0	0	0	0
P26612	1	0	1	1	0
P26646	1	1	2	1	1
P26649	1	0	1	1	0
P27111	1	1	2	1	1
P27125	0	0	0	0	0
P27128	1	0	1	1	0
P27129	1	0	1	1	0
P27240	1	0	1	1	0
P27243	1	0	1	1	0
P27247	1	1	2	1	1
P27248	1	1	2	1	1
P27250	1	0	1	1	0
P27253	0	0	0	0	0
P27254	1	0	1	1	0
P27300	1	1	2	1	1
P27303	1	1	2	1	1
P27375	0	0	0	0	0
P27434	1	1	2	1	1
P27832	0	0	0	0	0
P27835	0	0	0	0	0
P27837	1	1	2	1	1
P27842	0	0	0	0	0
P27859	0	0	0	0	0
P28246	1	0	1	1	0
P28303	0	0	0	0	0
P28304	1	1	2	1	1
P28307	0	0	0	0	0
P28629	1	0	1	1	0
P28630	1	1	2	1	1
P28631	1	1	2	1	1
P28632	1	0	1	1	0
P28911	1	0	1	1	0
P28915	1	0	1	1	0
P29131	1	1	2	1	1
P30015	1	1	2	1	1
P30125	1	0	1	1	0
P30126	1	1	2	1	1
P30130	1	0	1	1	0
P30131	1	0	1	1	0
P30147	1	0	1	1	0
P30149	1	1	2	1	1
P30176	1	0	1	1	0
P30235	0	0	0	0	0
P30744	1	1	2	1	1
P30748	1	0	1	1	0
P30855	1	0	1	1	0
P30860	1	1	2	1	1
P30979	0	0	0	0	0
P31057	1	0	1	1	0
P31058	0	0	0	0	0
P31063	1	0	1	1	0
P31064	1	0	1	1	0
P31068	1	0	1	1	0
P31121	0	0	0	0	0
P31122	0	0	0	0	0
P31126	1	0	1	1	0
P31130	1	0	1	1	0
P31131	0	0	0	0	0
P31135	1	0	1	1	0
P31224	1	1	2	1	1
P31434	1	0	1	1	0
P31436	0	0	0	0	0
P31437	0	0	0	0	0
P31441	1	0	1	1	0
P31442	0	0	0	0	0
P31446	0	0	0	0	0
P31447	0	0	0	0	0
P31448	1	0	1	1	0
P31449	0	0	0	0	0
P31456	1	0	1	1	0
P31459	0	0	0	0	0
P31460	1	0	1	1	0
P31463	1	0	1	1	0
P31467	1	0	1	1	0
P31468	0	0	0	0	0
P31469	0	0	0	0	0
P31470	0	0	0	0	0
P31471	1	0	1	1	0
P31473	1	0	1	1	0
P31547	1	1	2	1	1
P31548	1	1	2	1	1
P31549	0	0	0	0	0
P31550	1	1	2	1	1
P31574	1	0	1	1	0
P31660	1	0	1	1	0
P31675	0	0	0	0	0
P31680	1	1	2	1	1
P31697	1	0	1	1	0
P31801	0	1	1	0	1
P31806	1	1	2	1	1
P31825	1	0	1	1	0
P31826	0	0	0	0	0
P31827	1	1	2	1	1
P31828	1	1	2	1	1
P31991	1	0	1	1	0
P31992	0	0	0	0	0
P32106	0	0	0	0	0
P32128	1	0	1	1	0
P32134	1	0	1	1	0
P32135	1	0	1	1	0
P32136	0	0	0	0	0
P32137	0	0	0	0	0
P32138	1	0	1	1	0
P32139	1	0	1	1	0
P32140	1	0	1	1	0
P32141	1	1	2	1	1
P32143	1	0	1	1	0
P32144	1	1	2	1	1
P32151	0	0	0	0	0
P32152	0	0	0	0	0
P32153	1	0	1	1	0
P32154	0	0	0	0	0
P32155	1	0	1	1	0
P32167	1	0	1	1	0
P32176	1	1	2	1	1
P32668	0	0	0	0	0
P32672	0	0	0	0	0
P32685	1	1	2	1	1
P32688	0	0	0	0	0
P32693	1	0	1	1	0
P32694	1	0	1	1	0
P32701	1	0	1	1	0
P32703	1	1	2	1	1
P32705	1	1	2	1	1
P32709	0	0	0	0	0
P32710	0	0	0	0	0
P32711	0	0	0	0	0
P32716	0	0	0	0	0
P32717	0	0	0	0	0
P32718	1	0	1	1	0
P32719	1	0	1	1	0
P32720	0	0	0	0	0
P32721	1	0	1	1	0
P33013	1	0	1	1	0
P33014	0	0	0	0	0
P33015	1	0	1	1	0
P33020	0	0	0	0	0
P33021	1	0	1	1	0
P33025	1	0	1	1	0
P33026	0	0	0	0	0
P33029	1	0	1	1	0
P33030	1	1	2	1	1
P33128	1	0	1	1	0
P33129	1	0	1	1	0
P33135	0	0	0	0	0
P33218	1	1	2	1	1
P33221	1	1	2	1	1
P33222	0	0	0	0	0
P33231	1	0	1	1	0
P33234	1	0	1	1	0
P33236	0	0	0	0	0
P33346	1	0	1	1	0
P33347	0	0	0	0	0
P33348	1	0	1	1	0
P33349	1	0	1	1	0
P33352	0	0	0	0	0
P33354	1	0	1	1	0
P33359	0	0	0	0	0
P33361	1	0	1	1	0
P33366	1	0	1	1	0
P33369	1	0	1	1	0
P33595	0	1	1	0	1
P33634	1	0	1	1	0
P33667	0	0	0	0	0
P33668	1	0	1	1	0
P33898	1	0	1	1	0
P33913	1	1	2	1	1
P33931	1	0	1	1	0
P33941	1	1	2	1	1
P36554	1	0	1	1	0
P36560	1	0	1	1	0
P36561	1	1	2	1	1
P36646	1	0	1	1	0
P36649	1	1	2	1	1
P36655	1	1	2	1	1
P36661	1	0	1	1	0
P36675	1	0	1	1	0
P36677	1	0	1	1	0
P36678	0	0	0	0	0
P36682	1	0	1	1	0
P37001	0	1	1	0	1
P37002	1	0	1	1	0
P37005	1	1	2	1	1
P37016	1	0	1	1	0
P37017	0	0	0	0	0
P37018	0	0	0	0	0
P37019	1	1	2	1	1
P37049	1	0	1	1	0
P37050	0	0	0	0	0
P37056	1	0	1	1	0
P37147	1	1	2	1	1
P37188	1	1	2	1	1
P37197	1	0	1	1	0
P37305	1	0	1	1	0
P37327	1	1	2	1	1
P37330	1	1	2	1	1
P37342	1	0	1	1	0
P37349	1	1	2	1	1
P37351	1	0	1	1	0
P37443	0	0	0	0	0
P37597	0	1	1	0	1
P37613	1	0	1	1	0
P37614	0	0	0	0	0
P37615	1	1	2	1	1
P37617	1	1	2	1	1
P37621	0	0	0	0	0
P37626	1	1	2	1	1
P37627	1	0	1	1	0
P37629	1	0	1	1	0
P37630	1	0	1	1	0
P37639	1	0	1	1	0
P37643	1	0	1	1	0
P37645	1	1	2	1	1
P37650	1	1	2	1	1
P37653	1	0	1	1	0
P37657	1	0	1	1	0
P37659	1	1	2	1	1
P37662	1	0	1	1	0
P37663	1	0	1	1	0
P37665	1	1	2	1	1
P37669	1	0	1	1	0
P37671	1	0	1	1	0
P37672	0	0	0	0	0
P37673	0	0	0	0	0
P37674	0	0	0	0	0
P37675	0	0	0	0	0
P37676	0	0	0	0	0
P37677	0	0	0	0	0
P37678	1	0	1	1	0
P37679	1	0	1	1	0
P37680	1	0	1	1	0
P37681	1	0	1	1	0
P37682	0	0	0	0	0
P37683	0	0	0	0	0
P37685	1	0	1	1	0
P37744	1	1	2	1	1
P37745	1	0	1	1	0
P37750	1	0	1	1	0
P37751	1	0	1	1	0
P37759	1	1	2	1	1
P37760	1	1	2	1	1
P37766	0	0	0	0	0
P37769	1	0	1	1	0
P37772	0	0	0	0	0
P37774	1	1	2	1	1
P37902	1	1	2	1	1
P37906	1	1	2	1	1
P37909	0	0	0	0	0
P38035	1	0	1	1	0
P38052	0	0	0	0	0
P38097	1	1	2	1	1
P38101	0	0	0	0	0
P38104	1	0	1	1	0
P38105	0	0	0	0	0
P38134	1	1	2	1	1
P39099	1	1	2	1	1
P39160	1	1	2	1	1
P39161	1	0	1	1	0
P39172	1	1	2	1	1
P39196	0	0	0	0	0
P39208	1	1	2	1	1
P39263	1	0	1	1	0
P39264	1	0	1	1	0
P39265	1	0	1	1	0
P39270	0	0	0	0	0
P39274	1	0	1	1	0
P39277	1	0	1	1	0
P39280	1	1	2	1	1
P39282	0	0	0	0	0
P39295	1	0	1	1	0
P39297	1	1	2	1	1
P39310	1	1	2	1	1
P39328	1	0	1	1	0
P39332	1	0	1	1	0
P39333	1	0	1	1	0
P39334	1	0	1	1	0
P39336	1	0	1	1	0
P39338	1	0	1	1	0
P39343	1	0	1	1	0
P39344	1	0	1	1	0
P39346	1	0	1	1	0
P39352	0	0	0	0	0
P39353	1	0	1	1	0
P39361	0	0	0	0	0
P39362	0	0	0	0	0
P39363	0	0	0	0	0
P39364	0	0	0	0	0
P39365	0	0	0	0	0
P39366	1	0	1	1	0
P39367	1	0	1	1	0
P39368	1	0	1	1	0
P39370	0	0	0	0	0
P39371	1	0	1	1	0
P39374	0	0	0	0	0
P39375	0	0	0	0	0
P39376	1	0	1	1	0
P39377	1	1	2	1	1
P39379	0	0	0	0	0
P39380	1	0	1	1	0
P39381	0	0	0	0	0
P39382	1	1	2	1	1
P39383	1	0	1	1	0
P39384	1	0	1	1	0
P39385	1	0	1	1	0
P39386	1	0	1	1	0
P39394	0	0	0	0	0
P39396	1	1	2	1	1
P39398	1	0	1	1	0
P39400	1	0	1	1	0
P39401	1	1	2	1	1
P39414	1	0	1	1	0
P39451	1	1	2	1	1
P39830	1	1	2	1	1
P39832	0	0	0	0	0
P39834	0	0	0	0	0
P39835	1	1	2	1	1
P40120	1	1	2	1	1
P40876	1	0	1	1	0
P41036	1	0	1	1	0
P41039	1	0	1	1	0
P41407	1	1	2	1	1
P41441	0	0	0	0	0
P41442	0	0	0	0	0
P41443	1	0	1	1	0
P42589	1	0	1	1	0
P42597	0	1	1	0	1
P42615	0	0	0	0	0
P42619	0	0	0	0	0
P42620	1	0	1	1	0
P42625	0	0	0	0	0
P42628	0	0	0	0	0
P42630	1	0	1	1	0
P42641	1	1	2	1	1
P42905	0	0	0	0	0
P42909	1	0	1	1	0
P42910	0	0	0	0	0
P42912	1	0	1	1	0
P42913	0	0	0	0	0
P42914	1	0	1	1	0
P42915	0	0	0	0	0
P43319	0	0	0	0	0
P43340	1	0	1	1	0
P43672	1	1	2	1	1
P43676	0	0	0	0	0
P45394	1	0	1	1	0
P45423	1	0	1	1	0
P45424	0	0	0	0	0
P45425	1	0	1	1	0
P45428	1	0	1	1	0
P45464	1	1	2	1	1
P45470	1	0	1	1	0
P45508	1	0	1	1	0
P45522	1	1	2	1	1
P45523	1	1	2	1	1
P45530	0	0	0	0	0
P45531	1	0	1	1	0
P45532	1	0	1	1	0
P45539	1	0	1	1	0
P45543	1	0	1	1	0
P45544	1	0	1	1	0
P45546	1	0	1	1	0
P45548	1	0	1	1	0
P45549	0	0	0	0	0
P45550	0	0	0	0	0
P45551	0	0	0	0	0
P45552	1	0	1	1	0
P45566	0	0	0	0	0
P45568	1	0	1	1	0
P45570	0	0	0	0	0
P45736	0	0	0	0	0
P45750	1	0	1	1	0
P45756	0	0	0	0	0
P45757	0	0	0	0	0
P45758	1	0	1	1	0
P45759	0	0	0	0	0
P45760	0	0	0	0	0
P45761	1	0	1	1	0
P45762	0	0	0	0	0
P45763	1	0	1	1	0
P45795	0	0	0	0	0
P45804	1	0	1	1	0
P45807	0	0	0	0	0
P45955	1	1	2	1	1
P46068	0	0	0	0	0
P46119	0	0	0	0	0
P46121	0	0	0	0	0
P46122	1	1	2	1	1
P46125	1	0	1	1	0
P46133	1	0	1	1	0
P46144	1	0	1	1	0
P46187	0	0	0	0	0
P46474	1	1	2	1	1
P46481	1	0	1	1	0
P46846	0	0	0	0	0
P46849	1	0	1	1	0
P46854	1	0	1	1	0
P46855	0	0	0	0	0
P46857	1	0	1	1	0
P46887	0	0	0	0	0
P46923	1	0	1	1	0
P50457	1	0	1	1	0
P51020	1	1	2	1	1
P52006	1	0	1	1	0
P52037	1	0	1	1	0
P52043	1	0	1	1	0
P52045	0	0	0	0	0
P52060	0	0	0	0	0
P52067	1	1	2	1	1
P52073	1	0	1	1	0
P52074	1	0	1	1	0
P52094	1	1	2	1	1
P52096	1	0	1	1	0
P52097	1	0	1	1	0
P52101	1	1	2	1	1
P52106	1	0	1	1	0
P52119	1	0	1	1	0
P52598	1	1	2	1	1
P52600	1	0	1	1	0
P52612	1	0	1	1	0
P52613	1	0	1	1	0
P52614	0	0	0	0	0
P52644	1	1	2	1	1
P54745	1	0	1	1	0
P54746	1	0	1	1	0
P55140	1	1	2	1	1
P55734	1	1	2	1	1
P55799	0	0	0	0	0
P55914	0	0	0	0	0
P56100	1	0	1	1	0
P56257	1	0	1	1	0
P56258	1	1	2	1	1
P56579	1	0	1	1	0
P56580	1	0	1	1	0
P56976	0	0	0	0	0
P58034	0	0	0	0	0
P58035	0	0	0	0	0
P58036	0	0	0	0	0
P58037	0	0	0	0	0
P58094	0	0	0	0	0
P60240	1	1	2	1	1
P60632	1	1	2	1	1
P60844	0	0	0	0	0
P60872	1	0	1	1	0
P62399	1	1	2	1	1
P62617	1	0	1	1	0
P62723	0	1	1	0	1
P63235	1	0	1	1	0
P64429	1	1	2	1	1
P64432	0	1	1	0	1
P64442	1	0	1	1	0
P64448	1	1	2	1	1
P64451	1	1	2	1	1
P64453	0	0	0	0	0
P64455	1	0	1	1	0
P64459	0	0	0	0	0
P64461	1	0	1	1	0
P64463	1	0	1	1	0
P64467	1	0	1	1	0
P64471	0	0	0	0	0
P64474	0	0	0	0	0
P64483	1	1	2	1	1
P64488	0	0	0	0	0
P64493	1	0	1	1	0
P64496	0	0	0	0	0
P64499	1	1	2	1	1
P64503	1	0	1	1	0
P64506	1	0	1	1	0
P64508	1	0	1	1	0
P64512	1	0	1	1	0
P64517	1	0	1	1	0
P64519	1	0	1	1	0
P64536	0	0	0	0	0
P64542	1	0	1	1	0
P64545	1	0	1	1	0
P64564	1	1	2	1	1
P64572	1	0	1	1	0
P64578	1	0	1	1	0
P64581	1	1	2	1	1
P64585	1	1	2	1	1
P64592	0	0	0	0	0
P64596	1	1	2	1	1
P64602	1	0	1	1	0
P64614	1	0	1	1	0
P64619	0	0	0	0	0
P64622	0	0	0	0	0
P64627	1	0	1	1	0
P64631	0	0	0	0	0
P64634	0	1	1	0	1
P64638	0	0	0	0	0
P64646	0	0	0	0	0
P65290	1	0	1	1	0
P65292	1	1	2	1	1
P65294	1	0	1	1	0
P65367	1	0	1	1	0
P67127	1	0	1	1	0
P67143	0	0	0	0	0
P67338	0	0	0	0	0
P67603	1	0	1	1	0
P67624	0	0	0	0	0
P67697	0	0	0	0	0
P67699	1	0	1	1	0
P67701	0	0	0	0	0
P67729	0	0	0	0	0
P68191	1	0	1	1	0
P68206	1	0	1	1	0
P68646	0	0	0	0	0
P68679	1	1	2	1	1
P68699	1	1	2	1	1
P68919	1	1	2	1	1
P69210	1	0	1	1	0
P69212	0	0	0	0	0
P69222	1	1	2	1	1
P69330	1	0	1	1	0
P69367	1	0	1	1	0
P69405	1	0	1	1	0
P69411	1	1	2	1	1
P69428	1	1	2	1	1
P69432	1	0	1	1	0
P69434	1	0	1	1	0
P69488	1	0	1	1	0
P69681	1	0	1	1	0
P69741	1	1	2	1	1
P69776	1	1	2	1	1
P69795	1	0	1	1	0
P69797	1	1	2	1	1
P69808	1	0	1	1	0
P69811	1	1	2	1	1
P69816	0	0	0	0	0
P69820	1	0	1	1	0
P69822	1	0	1	1	0
P69824	1	0	1	1	0
P69826	1	0	1	1	0
P69828	1	1	2	1	1
P69831	1	1	2	1	1
P69856	1	0	1	1	0
P69913	1	1	2	1	1
P69937	0	0	0	0	0
P71229	1	0	1	1	0
P71238	1	0	1	1	0
P71301	1	0	1	1	0
P75617	1	0	1	1	0
P75620	0	0	0	0	0
P75685	0	0	0	0	0
P75687	1	0	1	1	0
P75691	1	1	2	1	1
P75692	1	0	1	1	0
P75693	1	0	1	1	0
P75694	1	0	1	1	0
P75712	0	0	0	0	0
P75715	0	0	0	0	0
P75737	0	0	0	0	0
P75746	1	1	2	1	1
P75747	0	0	0	0	0
P75748	1	0	1	1	0
P75749	1	0	1	1	0
P75750	1	0	1	1	0
P75757	1	0	1	1	0
P75767	1	0	1	1	0
P75769	0	0	0	0	0
P75770	0	0	0	0	0
P75777	1	1	2	1	1
P75782	1	1	2	1	1
P75783	1	1	2	1	1
P75788	0	0	0	0	0
P75791	1	0	1	1	0
P75798	1	1	2	1	1
P75810	1	0	1	1	0
P75818	1	1	2	1	1
P75821	1	1	2	1	1
P75826	1	1	2	1	1
P75831	1	1	2	1	1
P75835	1	0	1	1	0
P75836	0	0	0	0	0
P75843	1	0	1	1	0
P75851	1	0	1	1	0
P75855	0	0	0	0	0
P75856	1	0	1	1	0
P75857	0	0	0	0	0
P75858	0	0	0	0	0
P75859	0	0	0	0	0
P75860	0	0	0	0	0
P75882	1	0	1	1	0
P75883	1	0	1	1	0
P75884	1	0	1	1	0
P75885	1	0	1	1	0
P75892	0	0	0	0	0
P75895	0	0	0	0	0
P75905	1	0	1	1	0
P75906	1	0	1	1	0
P75908	0	0	0	0	0
P75913	1	1	2	1	1
P75917	0	0	0	0	0
P75925	0	0	0	0	0
P75931	1	0	1	1	0
P75933	1	0	1	1	0
P75937	1	0	1	1	0
P75955	1	0	1	1	0
P75958	1	1	2	1	1
P75961	1	0	1	1	0
P75962	0	0	0	0	0
P75987	0	0	0	0	0
P75988	1	0	1	1	0
P75989	1	1	2	1	1
P75990	1	0	1	1	0
P75991	1	0	1	1	0
P75992	1	0	1	1	0
P75993	0	0	0	0	0
P75994	0	0	0	0	0
P75995	1	0	1	1	0
P76002	1	1	2	1	1
P76007	1	1	2	1	1
P76011	1	0	1	1	0
P76012	0	0	0	0	0
P76014	1	1	2	1	1
P76015	1	0	1	1	0
P76016	1	1	2	1	1
P76017	1	0	1	1	0
P76035	1	0	1	1	0
P76037	1	0	1	1	0
P76038	1	0	1	1	0
P76041	0	0	0	0	0
P76042	1	0	1	1	0
P76043	0	0	0	0	0
P76044	1	0	1	1	0
P76045	1	0	1	1	0
P76049	1	0	1	1	0
P76052	1	0	1	1	0
P76076	1	0	1	1	0
P76082	1	0	1	1	0
P76090	0	0	0	0	0
P76091	1	0	1	1	0
P76092	1	0	1	1	0
P76093	1	0	1	1	0
P76096	0	0	0	0	0
P76097	1	0	1	1	0
P76100	1	0	1	1	0
P76103	0	0	0	0	0
P76104	1	1	2	1	1
P76106	0	0	0	0	0
P76108	1	0	1	1	0
P76111	1	0	1	1	0
P76112	0	0	0	0	0
P76113	1	0	1	1	0
P76114	1	0	1	1	0
P76115	1	1	2	1	1
P76116	1	1	2	1	1
P76117	0	0	0	0	0
P76118	0	0	0	0	0
P76128	1	0	1	1	0
P76129	0	0	0	0	0
P76136	0	0	0	0	0
P76142	1	0	1	1	0
P76143	1	0	1	1	0
P76145	1	0	1	1	0
P76146	0	0	0	0	0
P76148	1	0	1	1	0
P76150	1	0	1	1	0
P76170	1	1	2	1	1
P76172	1	0	1	1	0
P76173	0	0	0	0	0
P76175	1	0	1	1	0
P76177	1	1	2	1	1
P76180	0	0	0	0	0
P76185	1	1	2	1	1
P76186	1	0	1	1	0
P76190	1	0	1	1	0
P76192	1	0	1	1	0
P76194	1	0	1	1	0
P76196	0	0	0	0	0
P76210	1	0	1	1	0
P76217	1	0	1	1	0
P76219	1	0	1	1	0
P76220	1	0	1	1	0
P76223	1	1	2	1	1
P76224	0	0	0	0	0
P76226	0	0	0	0	0
P76227	0	0	0	0	0
P76228	1	0	1	1	0
P76230	0	0	0	0	0
P76231	1	0	1	1	0
P76237	1	1	2	1	1
P76241	0	0	0	0	0
P76242	0	0	0	0	0
P76250	1	1	2	1	1
P76251	1	1	2	1	1
P76254	0	0	0	0	0
P76270	1	0	1	1	0
P76296	0	0	0	0	0
P76298	1	1	2	1	1
P76299	1	0	1	1	0
P76308	1	0	1	1	0
P76316	1	0	1	1	0
P76318	0	0	0	0	0
P76319	1	0	1	1	0
P76329	1	0	1	1	0
P76330	1	0	1	1	0
P76334	0	0	0	0	0
P76342	0	0	0	0	0
P76345	0	1	1	0	1
P76347	1	0	1	1	0
P76352	0	0	0	0	0
P76372	1	1	2	1	1
P76395	0	0	0	0	0
P76396	1	0	1	1	0
P76399	1	1	2	1	1
P76407	1	0	1	1	0
P76417	1	0	1	1	0
P76419	1	0	1	1	0
P76423	1	0	1	1	0
P76458	1	0	1	1	0
P76459	1	0	1	1	0
P76460	0	0	0	0	0
P76461	1	0	1	1	0
P76464	1	0	1	1	0
P76469	0	0	0	0	0
P76470	0	0	0	0	0
P76471	1	1	2	1	1
P76474	0	0	0	0	0
P76498	1	0	1	1	0
P76499	0	0	0	0	0
P76500	0	0	0	0	0
P76501	1	0	1	1	0
P76520	0	0	0	0	0
P76521	0	0	0	0	0
P76536	1	1	2	1	1
P76538	0	0	0	0	0
P76540	1	0	1	1	0
P76551	1	0	1	1	0
P76562	0	0	0	0	0
P76569	1	0	1	1	0
P76573	1	0	1	1	0
P76575	1	0	1	1	0
P76621	1	0	1	1	0
P76655	1	0	1	1	0
P76656	0	0	0	0	0
P76657	0	0	0	0	0
P76773	1	0	1	1	0
P76909	1	1	2	1	1
P77031	1	0	1	1	0
P77044	1	0	1	1	0
P77091	0	0	0	0	0
P77129	1	0	1	1	0
P77148	1	0	1	1	0
P77154	1	0	1	1	0
P77156	0	0	0	0	0
P77161	1	0	1	1	0
P77165	1	0	1	1	0
P77171	1	1	2	1	1
P77172	1	0	1	1	0
P77179	0	1	1	0	1
P77180	0	0	0	0	0
P77182	1	0	1	1	0
P77183	0	0	0	0	0
P77187	1	0	1	1	0
P77188	1	0	1	1	0
P77196	1	0	1	1	0
P77211	1	0	1	1	0
P77212	1	0	1	1	0
P77215	1	0	1	1	0
P77219	0	0	0	0	0
P77221	1	0	1	1	0
P77231	0	0	0	0	0
P77234	0	0	0	0	0
P77243	1	0	1	1	0
P77245	1	0	1	1	0
P77249	1	0	1	1	0
P77252	1	0	1	1	0
P77256	0	0	0	0	0
P77263	1	0	1	1	0
P77268	1	0	1	1	0
P77272	1	1	2	1	1
P77288	0	0	0	0	0
P77294	0	0	0	0	0
P77295	0	0	0	0	0
P77297	0	0	0	0	0
P77301	0	1	1	0	1
P77302	1	1	2	1	1
P77306	1	0	1	1	0
P77307	1	1	2	1	1
P77308	1	0	1	1	0
P77309	0	0	0	0	0
P77315	1	0	1	1	0
P77316	1	0	1	1	0
P77318	1	1	2	1	1
P77319	1	0	1	1	0
P77324	1	0	1	1	0
P77329	1	0	1	1	0
P77333	1	1	2	1	1
P77339	1	0	1	1	0
P77348	1	1	2	1	1
P77357	1	0	1	1	0
P77364	1	0	1	1	0
P77366	1	0	1	1	0
P77374	1	0	1	1	0
P77375	1	0	1	1	0
P77379	0	0	0	0	0
P77389	0	0	0	0	0
P77390	0	0	0	0	0
P77393	0	0	0	0	0
P77395	1	1	2	1	1
P77397	0	0	0	0	0
P77400	1	0	1	1	0
P77409	1	0	1	1	0
P77416	0	0	0	0	0
P77423	0	0	0	0	0
P77425	1	0	1	1	0
P77432	1	0	1	1	0
P77433	1	1	2	1	1
P77437	1	0	1	1	0
P77439	1	0	1	1	0
P77445	1	0	1	1	0
P77453	0	0	0	0	0
P77454	1	0	1	1	0
P77463	1	0	1	1	0
P77468	1	0	1	1	0
P77485	1	1	2	1	1
P77489	1	0	1	1	0
P77495	1	0	1	1	0
P77503	0	0	0	0	0
P77504	1	1	2	1	1
P77506	0	0	0	0	0
P77519	0	0	0	0	0
P77529	1	1	2	1	1
P77536	1	0	1	1	0
P77541	1	0	1	1	0
P77549	0	1	1	0	1
P77554	1	0	1	1	0
P77562	1	1	2	1	1
P77564	0	0	0	0	0
P77569	1	1	2	1	1
P77580	1	0	1	1	0
P77588	0	0	0	0	0
P77589	1	0	1	1	0
P77599	1	0	1	1	0
P77608	0	0	0	0	0
P77610	1	0	1	1	0
P77611	1	1	2	1	1
P77615	1	0	1	1	0
P77616	1	0	1	1	0
P77622	0	0	0	0	0
P77624	1	0	1	1	0
P77626	0	0	0	0	0
P77627	1	0	1	1	0
P77646	1	0	1	1	0
P77649	1	1	2	1	1
P77650	0	0	0	0	0
P77668	1	0	1	1	0
P77674	1	0	1	1	0
P77690	1	1	2	1	1
P77694	1	0	1	1	0
P77700	1	0	1	1	0
P77704	1	0	1	1	0
P77712	1	0	1	1	0
P77716	0	0	0	0	0
P77717	1	1	2	1	1
P77718	1	1	2	1	1
P77730	1	1	2	1	1
P77731	0	0	0	0	0
P77732	1	0	1	1	0
P77733	1	0	1	1	0
P77736	0	1	1	0	1
P77743	1	0	1	1	0
P77744	1	0	1	1	0
P77747	0	0	0	0	0
P77754	1	0	1	1	0
P77783	1	1	2	1	1
P77789	0	0	0	0	0
P77790	0	0	0	0	0
P77791	1	0	1	1	0
P77795	1	0	1	1	0
P77802	1	0	1	1	0
P77806	1	0	1	1	0
P78061	1	1	2	1	1
P78271	1	1	2	1	1
P80668	1	0	1	1	0
Q06065	1	0	1	1	0
Q06067	1	0	1	1	0
Q2EEQ2	1	0	1	1	0
Q2EES1	1	0	1	1	0
Q2EES6	1	0	1	1	0
Q2EET2	1	0	1	1	0
Q2EEU2	0	0	0	0	0
Q2M5U1	0	0	0	0	0
Q2M7M3	1	0	1	1	0
Q2M7R5	0	0	0	0	0
Q2M7X4	0	0	0	0	0
Q2MB16	1	1	2	1	1
Q46798	1	1	2	1	1
Q46801	0	0	0	0	0
Q46807	1	0	1	1	0
Q46811	1	1	2	1	1
Q46814	1	0	1	1	0
Q46819	0	0	0	0	0
Q46831	0	0	0	0	0
Q46832	0	0	0	0	0
Q46834	1	0	1	1	0
Q46835	0	1	1	0	1
Q46836	0	0	0	0	0
Q46837	1	1	2	1	1
Q46839	1	0	1	1	0
Q46841	1	0	1	1	0
Q46843	1	0	1	1	0
Q46844	1	0	1	1	0
Q46851	1	0	1	1	0
Q46861	1	1	2	1	1
Q46863	1	0	1	1	0
Q46864	1	0	1	1	0
Q46865	0	0	0	0	0
Q46867	0	0	0	0	0
Q46868	1	1	2	1	1
Q46877	1	0	1	1	0
Q46888	0	0	0	0	0
Q46889	1	0	1	1	0
Q46890	0	0	0	0	0
Q46891	1	0	1	1	0
Q46892	0	0	0	0	0
Q46904	1	0	1	1	0
Q46905	0	0	0	0	0
Q46906	1	0	1	1	0
Q46908	1	0	1	1	0
Q46909	0	0	0	0	0
Q46915	1	0	1	1	0
Q46919	0	0	0	0	0
Q46941	0	0	0	0	0
Q47013	1	0	1	1	0
Q47129	1	1	2	1	1
Q47138	1	0	1	1	0
Q47140	1	0	1	1	0
Q47141	0	1	1	0	1
Q47149	1	0	1	1	0
Q47150	1	0	1	1	0
Q47156	1	0	1	1	0
Q47157	1	0	1	1	0
Q47158	0	0	0	0	0
Q47377	0	0	0	0	0
Q47534	1	0	1	1	0
Q47537	0	0	0	0	0
Q47538	1	1	2	1	1
Q47539	0	0	0	0	0
Q47706	1	0	1	1	0
Q59385	1	1	2	1	1
Q6BEX0	1	0	1	1	0
Q6BEX5	0	1	1	0	1
Q6BF16	0	1	1	0	1
Q6BF17	1	0	1	1	0
Q6BF25	0	0	0	0	0
Q6BF87	0	0	0	0	0
Q7DFV3	0	0	0	0	0
P37052	1	0	1	1	0
P56614	0	0	0	0	0
P77667	0	0	0	0	0
P0A9E5	1	1	2	1	1
P0A6T3	1	0	1	1	0
P0A9C3	1	0	1	1	0
P76141	1	0	1	1	0
P0A9G8	1	0	1	1	0
P04982	1	0	1	1	0
P64530	0	0	0	0	0
P37749	1	0	1	1	0
A5A621	1	0	1	1	0
P64567	1	0	1	1	0
P27242	1	0	1	1	0
C1P611	0	0	0	0	0
P39308	1	0	1	1	0
C1P603	1	0	1	1	0
P52697	1	0	1	1	0
P23325	1	0	1	1	0
P33647	0	0	0	0	0
P08365	1	0	1	1	0
P10805	1	0	1	1	0
P0AB87	1	0	1	1	0
P09148	1	0	1	1	0
P09147	1	0	1	1	0
P25666	1	0	1	1	0
C1P607	0	0	0	0	0
C1P608	0	0	0	0	0
C1P615	0	0	0	0	0
C1P617	0	0	0	0	0
C1P619	1	0	1	1	0
P0AD72	0	0	0	0	0
P0AD74	0	0	0	0	0
A8DYP9	0	0	0	0	0
P60995	0	0	0	0	0
P62522	0	0	0	0	0
P03061	0	0	0	0	0
P0AD83	0	0	0	0	0
P0AD86	0	0	0	0	0
P0AD92	0	0	0	0	0
P06993	1	0	1	1	0
P75959	1	0	1	1	0
P76077	1	0	1	1	0
P76078	1	0	1	1	0
P76079	1	0	1	1	0
P76080	1	0	1	1	0
P76081	1	0	1	1	0
P77467	1	0	1	1	0
P76084	1	0	1	1	0
P0C7L2	1	0	1	1	0
P76085	1	1	2	1	1
P76086	1	0	1	1	0
P77181	1	0	1	1	0
P02338	1	0	1	1	0
P69407	1	0	1	1	0
P27127	0	0	0	0	0
P27126	1	0	1	1	0
P27241	1	0	1	1	0
P05719	1	0	1	1	0
P36667	1	0	1	1	0
P45563	1	0	1	1	0
P23841	1	0	1	1	0
P75688	0	0	0	0	0
P08339	1	0	1	1	0
Q47152	0	0	0	0	0
P71311	0	0	0	0	0
P0AAS9	1	0	1	1	0
P77216	1	0	1	1	0
P77746	1	0	1	1	0
P77427	0	0	0	0	0
P21829	1	0	1	1	0
P52696	1	0	1	1	0
P0AAV8	1	0	1	1	0
P75764	1	0	1	1	0
P62066	1	0	1	1	0
P76023	0	0	0	0	0
A5A613	0	0	0	0	0
P25906	1	0	1	1	0
P37757	1	0	1	1	0
P76122	1	0	1	1	0
P76123	0	0	0	0	0
P76204	1	0	1	1	0
P0ACY3	1	1	2	1	1
P76322	0	0	0	0	0
P69346	1	0	1	1	0
P76484	1	0	1	1	0
P76485	0	0	0	0	0
P76486	0	0	0	0	0
P76505	1	0	1	1	0
P45956	0	0	0	0	0
Q46896	0	0	0	0	0
P38036	1	0	1	1	0
Q46897	0	0	0	0	0
Q46898	1	0	1	1	0
Q46899	1	0	1	1	0
P76632	1	0	1	1	0
Q46787	1	0	1	1	0
Q46789	0	0	0	0	0
Q46796	0	0	0	0	0
P64594	0	0	0	0	0
P31453	0	0	0	0	0
P09162	1	0	1	1	0
P32704	1	0	1	1	0
P39283	1	0	1	1	0
C1P621	0	0	0	0	0
P0AF78	1	0	1	1	0
P39351	1	0	1	1	0
P39358	1	0	1	1	0
P39359	1	0	1	1	0
P39360	0	0	0	0	0
P39356	1	0	1	1	0
P39389	1	0	1	1	0
P39390	0	0	0	0	0
P39410	0	0	0	0	0
P39399	1	0	1	1	0
A5A611	0	0	0	0	0
P77658	1	0	1	1	0
C1P600	1	0	1	1	0
C1P604	1	0	1	1	0
P69348	0	0	0	0	0
C1P606	1	0	1	1	0
P76613	0	0	0	0	0
P77136	1	0	1	1	0
C1P613	1	0	1	1	0
C1P618	1	0	1	1	0
P39317	1	1	2	1	1
P15078	1	0	1	1	0
P0AEC8	1	0	1	1	0
P11551	0	0	0	0	0
P77858	0	0	0	0	0
P77672	1	0	1	1	0
P0AFS1	1	0	1	1	0
P0AF01	1	0	1	1	0
P0AFA5	1	0	1	1	0
P0AFF4	1	1	2	1	1
P76425	1	0	1	1	0
P37746	1	0	1	1	0
P37748	0	0	0	0	0
P45562	0	0	0	0	0
P75763	0	0	0	0	0
P76197	1	0	1	1	0
P0ABD1	0	0	0	0	0
P27843	0	0	0	0	0
P39284	1	0	1	1	0
P39357	1	0	1	1	0
P39838	1	0	1	1	0
P0AFM9	1	1	2	1	1
P0ABC3	1	1	2	1	1
P75910	1	0	1	1	0
P31572	1	0	1	1	0
A5A605	0	0	0	0	0
A5A624	1	0	1	1	0
P77494	1	0	1	1	0
C1P616	0	0	0	0	0
P0AAW9	1	0	1	1	0
P76482	0	0	0	0	0
A5A615	1	0	1	1	0
A5A618	1	0	1	1	0
P76239	1	0	1	1	0
C1P602	1	0	1	1	0
C1P609	1	0	1	1	0
C1P610	1	0	1	1	0
P77381	1	0	1	1	0
P77359	1	0	1	1	0
P37747	1	0	1	1	0
P77455	1	0	1	1	0
P76083	1	0	1	1	0
Q47536	1	0	1	1	0
P75711	1	0	1	1	0
P45848	0	0	0	0	0
A5A617	1	0	1	1	0
Q46901	1	0	1	1	0
P45545	1	0	1	1	0
P75800	1	0	1	1	0
P75786	1	0	1	1	0
A5A612	0	0	0	0	0
Q46942	1	0	1	1	0
C1P601	0	0	0	0	0
P76481	1	0	1	1	0
P0AAG3	1	0	1	1	0
P36937	0	0	0	0	0
P77257	1	0	1	1	0
P09833	1	0	1	1	0
P31060	1	0	1	1	0
P0AFV8	0	1	1	0	1
C1P605	1	0	1	1	0
P76639	0	0	0	0	0
P0ACG4	0	0	0	0	0
P28721	0	0	0	0	0
Q46943	1	0	1	1	0
P46883	1	1	2	1	1
P0AEE5	1	0	1	1	0
P0AEG4	1	1	2	1	1
P37329	1	0	1	1	0
P33342	1	0	1	1	0
P28722	1	0	1	1	0
P37325	1	0	1	1	0
P76394	1	0	1	1	0
P33340	0	0	0	0	0
P33343	1	0	1	1	0
P33344	0	0	0	0	0
P77619	1	0	1	1	0
P45422	0	0	0	0	0
P64534	1	0	1	1	0
P31600	1	1	2	1	1
P06129	1	1	2	1	1
P06971	1	1	2	1	1
P06996	1	0	1	1	0
P33341	1	0	1	1	0
P45420	1	0	1	1	0
P52143	1	1	2	1	1
P33666	1	0	1	1	0
P77286	0	0	0	0	0
P45564	0	0	0	0	0
P0ADB4	1	0	1	1	0
P77296	0	0	0	0	0
P77335	0	0	0	0	0
A5A625	0	0	0	0	0
P06965	1	0	1	1	0
P06966	1	0	1	1	0
P0A8A0	1	1	2	1	1
P0A8A2	1	1	2	1	1
P0A8P6	1	1	2	1	1
P0A8P8	1	1	2	1	1
P0A927	1	1	2	1	1
P0ABC7	1	1	2	1	1
P0ADF3	1	0	1	1	0
P0ADP0	1	1	2	1	1
P0ADQ5	1	0	1	1	0
P0AFM6	1	1	2	1	1
P0AFN2	1	1	2	1	1
P0AGC7	1	1	2	1	1
P0CF79	1	0	1	1	0
P0CG19	1	0	1	1	0
P18310	1	0	1	1	0
P23857	1	0	1	1	0
P27840	1	0	1	1	0
P28369	1	0	1	1	0
P30852	1	0	1	1	0
P31450	1	0	1	1	0
P31665	1	0	1	1	0
P32051	1	0	1	1	0
P32690	1	0	1	1	0
P32696	1	0	1	1	0
P33227	0	0	0	0	0
P33345	0	0	0	0	0
P33353	1	0	1	1	0
P33669	0	0	0	0	0
P33924	1	0	1	1	0
P36943	1	0	1	1	0
P37003	0	0	0	0	0
P37014	1	0	1	1	0
P37057	1	0	1	1	0
P37309	1	0	1	1	0
P37635	0	0	0	0	0
P37655	1	0	1	1	0
P39180	1	0	1	1	0
P39309	0	0	0	0	0
P39354	0	0	0	0	0
P39874	1	0	1	1	0
P42626	1	1	2	1	1
P42906	1	0	1	1	0
P45505	0	0	0	0	0
P45541	1	0	1	1	0
P45766	1	0	1	1	0
P46856	1	0	1	1	0
P46879	0	0	0	0	0
P52048	1	1	2	1	1
P52137	1	0	1	1	0
P64526	0	0	0	0	0
P64562	1	0	1	1	0
P69789	0	0	0	0	0
P75675	0	0	0	0	0
P75684	1	0	1	1	0
P75717	1	0	1	1	0
P75901	0	1	1	0	1
P75936	1	0	1	1	0
P75974	0	0	0	0	0
P76138	0	0	0	0	0
P76147	1	0	1	1	0
P76161	1	0	1	1	0
P76165	1	0	1	1	0
P76356	0	0	0	0	0
P76628	0	0	0	0	0
P76692	0	0	0	0	0
P77184	1	0	1	1	0
P77199	1	0	1	1	0
P77228	1	0	1	1	0
P77300	1	0	1	1	0
P77481	1	0	1	1	0
P77601	1	0	1	1	0
P77609	1	0	1	1	0
P77688	0	0	0	0	0
P77699	1	0	1	1	0
Q2EEQ3	0	0	0	0	0
Q2EER5	0	0	0	0	0
Q2EES0	0	0	0	0	0
Q46797	1	0	1	1	0
Q46817	1	0	1	1	0
Q46833	1	1	2	1	1
Q46840	1	0	1	1	0
Q46911	0	0	0	0	0
Q47153	1	0	1	1	0
Q47154	1	0	1	1	0
Q47268	1	0	1	1	0
Q47272	1	0	1	1	0
Q47719	1	0	1	1	0
Q7DFU6	0	0	0	0	0
Q9JMS3	0	0	0	0	0
Q9S4W2	1	0	1	1	0
P0ADH7	1	0	1	1	0
P39347	1	0	1	1	0
Q79E92	1	0	1	1	0
P77330	1	1	2	1	1
P09557	1	0	1	1	0
P23895	0	0	0	0	0
P0A9R2	0	0	0	0	0
P0ACG6	0	0	0	0	0
P0CF84	0	0	0	0	0
P19768	0	0	0	0	0
P24218	1	0	1	1	0
P76056	1	0	1	1	0
P38393	1	0	1	1	0
Q47270	1	0	1	1	0
P31061	1	0	1	1	0
P03014	1	0	1	1	0
P77170	1	0	1	1	0
P0ADI0	1	0	1	1	0
P15033	1	0	1	1	0
P33228	1	0	1	1	0
P07010	1	0	1	1	0
P16916	1	0	1	1	0
P16917	1	1	2	1	1
P16919	1	0	1	1	0
P0AG74	1	0	1	1	0
P38392	0	1	1	0	1
P09153	1	1	2	1	1
P23849	1	0	1	1	0
P77698	1	0	1	1	0
P77368	0	0	0	0	0
P77634	1	1	2	1	1
Q47269	0	0	0	0	0
P68661	0	0	0	0	0
P77598	1	0	1	1	0
P64435	1	0	1	1	0
P28916	1	0	1	1	0
P33230	1	0	1	1	0
P38394	1	0	1	1	0
P0ACW0	0	0	0	0	0
P76061	1	0	1	1	0
P28917	1	0	1	1	0
P29010	0	0	0	0	0
P76154	1	0	1	1	0
P76160	1	0	1	1	0
P76162	1	0	1	1	0
P64524	0	0	0	0	0
P77768	1	0	1	1	0
P28912	1	0	1	1	0
P77759	1	0	1	1	0
P76068	0	0	0	0	0
P03835	0	0	0	0	0
P39221	0	1	1	0	1
P21420	1	0	1	1	0
P39349	0	0	0	0	0
P39391	1	0	1	1	0
P39393	1	0	1	1	0
P75978	1	0	1	1	0
P76066	1	0	1	1	0
P76119	1	0	1	1	0
P76205	1	0	1	1	0
Q46786	0	0	0	0	0
Q46791	1	0	1	1	0
P0AD35	1	0	1	1	0
P0CD93	0	0	0	0	0
P24211	1	0	1	1	0
P30192	0	0	0	0	0
P31452	0	0	0	0	0
P32109	1	0	1	1	0
P39220	0	0	0	0	0
P39355	0	0	0	0	0
P39369	1	0	1	1	0
P39387	1	0	1	1	0
P39901	0	0	0	0	0
P45421	0	0	0	0	0
P0CF86	1	0	1	1	0
P56259	0	0	0	0	0
P58095	0	0	0	0	0
P75681	0	0	0	0	0
P75697	1	0	1	1	0
P75704	0	0	0	0	0
P75718	0	0	0	0	0
Q7DFV4	1	0	1	1	0
P75980	0	0	0	0	0
P75981	1	0	1	1	0
P76000	0	0	0	0	0
P76069	1	0	1	1	0
P76137	0	0	0	0	0
P76164	0	0	0	0	0
P76321	1	0	1	1	0
P76323	0	0	0	0	0
P76335	1	0	1	1	0
P76349	1	0	1	1	0
P76359	0	0	0	0	0
P76508	1	0	1	1	0
P76509	0	0	0	0	0
P76611	0	0	0	0	0
P76616	1	0	1	1	0
P77087	0	0	0	0	0
P77169	1	0	1	1	0
P77326	0	0	0	0	0
P77354	0	0	0	0	0
P77460	0	0	0	0	0
P77528	0	0	0	0	0
P77551	0	0	0	0	0
P77779	1	0	1	1	0
Q2EEP9	1	0	1	1	0
Q2EES3	0	0	0	0	0
Q2EET0	0	0	0	0	0
Q46790	1	0	1	1	0
Q46793	0	0	0	0	0
Q46795	0	0	0	0	0
Q47688	1	0	1	1	0
P75680	1	0	1	1	0
Q47718	1	0	1	1	0
P28697	1	0	1	1	0
P0CF60	1	0	1	1	0
P0ADF0	0	0	0	0	0
P13960	0	0	0	0	0
A5A627	0	0	0	0	0
P75971	0	0	0	0	0
P11291	0	0	0	0	0
Q2EEQ8	0	0	0	0	0
Q79CP2	0	0	0	0	0
Q9Z3A0	1	0	1	1	0
P36930	0	0	0	0	0
P37008	0	0	0	0	0
P76362	0	0	0	0	0
P64570	1	0	1	1	0
P76612	0	0	0	0	0
Q9JMS2	0	0	0	0	0
Q9JMT2	0	0	0	0	0
P05052	1	0	1	1	0
P06960	1	0	1	1	0
P11072	0	0	0	0	0
P24200	0	0	0	0	0
P09169	1	0	1	1	0
P15032	1	0	1	1	0
P0C079	1	0	1	1	0
P0C077	1	0	1	1	0
P0ACW8	0	0	0	0	0
P29009	1	0	1	1	0
P21418	0	0	0	0	0
P31062	1	0	1	1	0
P32053	1	0	1	1	0
P33229	1	0	1	1	0
P33997	1	0	1	1	0
P36995	1	0	1	1	0
P0A976	0	0	0	0	0
P37007	1	0	1	1	0
P37009	1	0	1	1	0
P75969	1	0	1	1	0
P37326	1	0	1	1	0
P45581	0	0	0	0	0
P76510	1	0	1	1	0
P52123	0	0	0	0	0
P52124	1	0	1	1	0
P52125	1	0	1	1	0
P52126	1	0	1	1	0
P52127	1	0	1	1	0
P52128	1	0	1	1	0
P52129	1	0	1	1	0
P52130	1	0	1	1	0
P52131	1	0	1	1	0
P52132	1	0	1	1	0
P52133	1	0	1	1	0
O52982	0	0	0	0	0
P52135	0	0	0	0	0
P52138	1	0	1	1	0
P52139	0	0	0	0	0
P52140	0	0	0	0	0
P52141	0	0	0	0	0
Q47684	1	0	1	1	0
P75676	0	0	0	0	0
P77365	1	0	1	1	0
P77206	1	0	1	1	0
P75678	1	0	1	1	0
Q57083	1	0	1	1	0
Q47689	0	0	0	0	0
Q47690	0	0	0	0	0
P75682	0	0	0	0	0
P77596	0	0	0	0	0
P75683	1	0	1	1	0
P77713	1	0	1	1	0
P76057	0	0	0	0	0
P76062	1	0	1	1	0
P76063	1	0	1	1	0
P76064	1	0	1	1	0
P76065	0	0	0	0	0
P77546	0	0	0	0	0
P76072	1	0	1	1	0
P77163	0	0	0	0	0
P76073	1	0	1	1	0
P76361	1	0	1	1	0
P64521	1	0	1	1	0
P76364	0	0	0	0	0
P75967	1	0	1	1	0
P75968	1	0	1	1	0
P77162	0	0	0	0	0
P77657	0	0	0	0	0
P77607	0	0	0	0	0
P71296	1	0	1	1	0
P71297	1	0	1	1	0
P71298	1	0	1	1	0
Q47274	1	0	1	1	0
P78285	1	0	1	1	0
P75719	0	0	0	0	0
P76155	0	0	0	0	0
P77515	0	0	0	0	0
P76156	1	0	1	1	0
P76158	0	0	0	0	0
P76159	1	0	1	1	0
P77237	1	0	1	1	0
P76163	1	0	1	1	0
P77695	1	1	2	1	1
P0A986	1	0	1	1	0
P77682	0	0	0	0	0
P77293	1	0	1	1	0
P76507	1	0	1	1	0
P77656	0	0	0	0	0
P76512	1	0	1	1	0
P76513	1	0	1	1	0
P76514	0	0	0	0	0
P76515	1	0	1	1	0
P76516	0	0	0	0	0
P76542	0	0	0	0	0
P76543	1	0	1	1	0
P76544	0	0	0	0	0
P76545	0	0	0	0	0
P76546	1	0	1	1	0
P76547	0	0	0	0	0
P76548	0	0	0	0	0
P76549	1	0	1	1	0
P76550	1	0	1	1	0
P75970	1	0	1	1	0
P75972	1	0	1	1	0
P75973	1	0	1	1	0
P75976	0	0	0	0	0
P75977	1	0	1	1	0
P75982	0	0	0	0	0
P75677	0	0	0	0	0
Q46953	0	0	0	0	0
P58033	0	0	0	0	0
Q47685	1	0	1	1	0
Q9XB42	0	0	0	0	0
P77692	1	0	1	1	0
P75979	0	0	0	0	0
P09154	1	0	1	1	0
P52134	0	0	0	0	0
P58041	0	0	0	0	0
P58042	0	0	0	0	0
P76157	0	0	0	0	0
Q2EES9	0	0	0	0	0
P75975	0	0	0	0	0
P0CE57	1	0	1	1	0
P0CE58	1	0	1	1	0
P0CF40	1	0	1	1	0
P0CF41	0	0	0	0	0
P0CF42	0	0	0	0	0
P0CF43	0	0	0	0	0
P0CF44	0	0	0	0	0
P0CF45	0	0	0	0	0
P0CF46	0	0	0	0	0
P0CF53	1	0	1	1	0
P0CF54	1	0	1	1	0
P0CF55	1	0	1	1	0
P0CF56	1	0	1	1	0
P0CF57	1	0	1	1	0
P0CF58	1	0	1	1	0
P0CF59	1	0	1	1	0
P0CF66	1	0	1	1	0
P0CF67	1	0	1	1	0
P0CF68	1	0	1	1	0
P0CF69	1	0	1	1	0
P0CF70	1	0	1	1	0
P0CF71	1	0	1	1	0
P0CF72	1	0	1	1	0
P0CF80	1	0	1	1	0
P0CF81	1	0	1	1	0
P0CF82	1	0	1	1	0
P0CF83	0	0	0	0	0
Q9JMT3	0	0	0	0	0
P0CE49	1	0	1	1	0
P0CE50	1	0	1	1	0
P0CE51	1	0	1	1	0
P0CE52	1	0	1	1	0
P76071	1	0	1	1	0
P0CE53	1	0	1	1	0
P0CE54	1	0	1	1	0
P0CE55	1	0	1	1	0
P0CE56	1	0	1	1	0
P0CF88	1	0	1	1	0
P0CF89	1	0	1	1	0
P0CF90	1	0	1	1	0
P19769	1	0	1	1	0
P0CF91	1	0	1	1	0
P0CF92	1	0	1	1	0
P0CF93	0	0	0	0	0
P75679	0	0	0	0	0
P39212	0	0	0	0	0
P76102	1	0	1	1	0
P0CF07	1	0	1	1	0
P0CF08	0	0	0	0	0
P0CF09	0	0	0	0	0
P0CF10	0	0	0	0	0
P0CF11	0	0	0	0	0
P0CF12	1	0	1	1	0
P19767	1	0	1	1	0
P0CF25	1	0	1	1	0
P0CF26	1	0	1	1	0
P0CF27	1	0	1	1	0
P57998	1	0	1	1	0
P0CF28	0	0	0	0	0
P0CF29	0	0	0	0	0
Q00037	0	0	0	0	0
P75741	1	0	1	1	0
P31667	1	0	1	1	0
P76168	1	0	1	1	0
P16918	1	0	1	1	0
P0ADH5	1	0	1	1	0
P52627	1	0	1	1	0
P18032	0	0	0	0	0
P62552	0	0	0	0	0
P62554	0	0	0	0	0
P13959	1	0	1	1	0
P22707	0	0	0	0	0
P62670	0	0	0	0	0
P11519	0	0	0	0	0
P56979	0	0	0	0	0
P34210	1	0	1	1	0
P96329	1	0	1	1	0
P10030	1	0	1	1	0
P04737	0	0	0	0	0
P18148	0	0	0	0	0
P10031	0	0	0	0	0
P06615	1	0	1	1	0
Q57154	0	0	0	0	0
P03856	1	0	1	1	0
P56980	0	0	0	0	0
P62556	1	0	1	1	0
P62558	1	0	1	1	0
P13970	0	0	0	0	0
Q00042	0	0	0	0	0
P03012	0	0	0	0	0
P41067	1	0	1	1	0
P18004	1	0	1	1	0
P09130	1	1	2	1	1
P08322	0	0	0	0	0
P14497	0	0	0	0	0
P33790	1	0	1	1	0
P15069	0	0	0	0	0
P14565	1	1	2	1	1
P06626	1	0	1	1	0
P41066	1	0	1	1	0
P08321	0	0	0	0	0
P10026	0	0	0	0	0
P24082	1	0	1	1	0
P41068	0	0	0	0	0
P18033	0	0	0	0	0
P41065	0	0	0	0	0
P09129	0	0	0	0	0
P13979	1	0	1	1	0
P18471	1	0	1	1	0
P41069	0	1	1	0	1
P18472	1	0	1	1	0
P22709	0	0	0	0	0
P06627	0	0	0	0	0
P18034	0	0	0	0	0
P18035	1	0	1	1	0
P18473	0	0	0	0	0
P41070	0	0	0	0	0
Q05807	0	0	0	0	0
P15068	0	0	0	0	0
P41072	0	0	0	0	0
P19381	0	0	0	0	0
P18006	1	0	1	1	0
P18353	0	0	0	0	0
P47737	1	0	1	1	0
Q9JMT9	0	0	0	0	0
Q9JMT8	0	0	0	0	0
Q9JMT7	1	0	1	1	0
Q9JMT6	0	0	0	0	0
Q9JMT5	0	0	0	0	0
Q9JMT4	0	0	0	0	0
Q9JMT1	1	0	1	1	0
Q9JMS9	1	0	1	1	0
Q9JMS8	0	0	0	0	0
Q9JMS7	0	0	0	0	0
Q9JMS6	0	0	0	0	0
Q9JMS5	1	1	2	1	1
Q9JMS4	0	0	0	0	0
P34211	0	0	0	0	0
Q9JMS1	0	0	0	0	0
Q9JMS0	1	0	1	1	0
Q9JMR9	1	0	1	1	0
Q9JMR8	0	0	0	0	0
Q9JMR7	0	0	0	0	0
Q9JMR6	0	0	0	0	0
P08868	0	0	0	0	0
Q9S4X5	1	0	1	1	0
Q9S4X4	0	0	0	0	0
Q9S4X3	0	0	0	0	0
Q9S4X2	1	0	1	1	0
Q9S4X1	0	0	0	0	0
Q9S4X0	0	0	0	0	0
Q9S4W9	1	0	1	1	0
Q9JMR5	0	0	0	0	0
Q9S4W7	0	0	0	0	0
P0C243	1	0	1	1	0
Q9JMR4	1	0	1	1	0
Q9JMR3	0	0	0	0	0
Q9JMR2	0	0	0	0	0
Q02885	1	0	1	1	0
P18005	0	0	0	0	0
