Merge ID	Fountoulakis2003	Spelbrink2005	Stenberg2005	Huang2006	Lasserre2006	Cirulli2007	Wagner2007	Jarchow2008	Qian2008	Wagner2008	Xia2008	Vertommen2009	Muller2010	Pan2010	Wickstrom2010	# Studies	Fountoulakis2003 Duplicates	Spelbrink2005 Duplicates	Stenberg2005 Duplicates	Huang2006 Duplicates	Lasserre2006 Duplicates	Cirulli2007 Duplicates	Wagner2007 Duplicates	Jarchow2008 Duplicates	Qian2008 Duplicates	Wagner2008 Duplicates	Xia2008 Duplicates	Vertommen2009 Duplicates	Muller2010 Duplicates	Pan2010 Duplicates	Wickstrom2010 Duplicates	P24182	
P24182	1															1	1															P24182	
P06959	1	1			1											3	1	1			1											P06959	
P25516	1						1									2	1						1									P25516	
P36683	1			1				1							1	4	1			1				1							1	P36683	
P19926	1						1			1	1					4	1						1			1	1					P19926	
P35340	1				1											2	1				1											P35340	
P25553	1									1					1	3	1									1					1	P25553	
P00805	1				1									1		3	1				1									1		P00805	
P11875	1															1	1															P11875	
P00963	1			1												2	1			1												P00963	
P00509	1				1											2	1				1											P00509	
P21889	1				1											2	1				1											P21889	
P18775	1															1	1															P18775	
P18776	1												1			2	1												1			P18776	
P46853	1															1	1															P46853	
P09832	1															1	1															P09832	
P36548	1															1	1															P36548	
P17445	1															1	1															P17445	
P33363	1									1						2	1									1						P33363	
P06129	1			1		1		1				1				5	1			1		1		1				1				P06129	
P00968	1															1	1															P00968	
P36659	1				1											2	1				1											P36659	
P17315	1							1				1				3	1							1				1				P17315	
P08331	1									1	1					3	1									1	1					P08331	
P24228	1															1	1															P24228	
P08506	1									1						2	1									1						P08506	
P39099	1						1								1	3	1						1								1	P39099	
P06149	1	1			1					1				1		5	1	1			1					1				1		P06149	
P08622	1						1									2	1						1									P08622	
P10384	1		1	1		1		1				1				6	1		1	1		1		1				1				P10384	
P13036	1			1				1		1	1	1			1	7	1			1				1		1	1	1			1	P13036	
P05825	1							1			1	1				4	1							1			1	1				P05825	
P06971	1							1				1				3	1							1				1				P06971	
P30130	1					1										2	1					1										P30130	
P45523	1								1		1					3	1								1		1					P45523	
P00363	1	1		1	1					1				1		6	1	1		1	1					1				1		P00363	
P14407	1				1											2	1				1											P14407	
P09147	1				1										1	3	1				1										1	P09147	
P27248	1				1					1						3	1				1					1						P27248	
P17169	1				1											2	1				1											P17169	
P10346	1		1							1						3	1		1							1						P10346	
P00962	1															1	1															P00962	
P13033	1															1	1															P13033	
P13035	1	1		1	1									1		5	1	1		1	1									1		P13035	
P09394	1				1					1						3	1				1					1						P09394	
P04805	1															1	1															P04805	
P00961	1				1											2	1				1											P00961	
P00350	1				1		1								1	4	1				1		1								1	P00350	
P06715	1				1											2	1				1											P06715	
P04425	1				1											2	1				1											P04425	
P04079	1				1											2	1				1											P04079	
P09127	1		1				1			1				1		5	1		1				1			1				1		P09127	
P25519	1														1	2	1														1	P25519	
P43329	1															1	1															P43329	
P16431	1															1	1															P16431	
P16433	1															1	1															P16433	
P08200	1						1	1		1					1	5	1						1	1		1					1	P08200	
P05793	1															1	1															P05793	
P31554	1		1	1			1	1				1				6	1		1	1			1	1				1				P31554	
P21179	1				1					1						3	1				1					1						P21179	
P13029	1				1										1	3	1				1										1	P13029	
P03023	1				1		1									3	1				1		1									P03023	
P00722	1						1									2	1						1									P00722	
P02943	1	1	1	1		1	1	1				1				8	1	1	1	1		1	1	1				1				P02943	
P52643	1				1											2	1				1											P52643	
P00490	1	1					1									3	1	1					1									P00490	
P25718	1						1			1						3	1						1			1						P25718	
P17117	1															1	1															P17117	
P33136	1							1								2	1							1								P33136	
P06720	1									1						2	1									1						P06720	
P00959	1				1											2	1				1											P00959	
P17952	1															1	1															P17952	
P09152	1				1									1		3	1				1									1		P09152	
P11349	1				1									1		3	1				1									1		P11349	
P38489	1				1								1			3	1				1								1			P38489	
P31600	1															1	1															P31600	
P31979	1	1					1			1				1		5	1	1					1			1				1		P31979	
P33602	1	1	1	1	1		1			1				1		8	1	1	1	1	1		1			1				1		P33602	
P06996	1			1				1			1	1				5	1			1				1			1	1				P06996	
P02931	1	1	1	1			1	1	1	1	1	1				10	1	1	1	1			2	1	1	1	1	1				P02931	
P09169	1			1								1			1	4	1			1								1			1	P09169	
P23843	1						1	1		1	1					5	1						1	1		1	1					P23843	
P22259	1				1											2	1				1											P22259	
P05459	1															1	1															P05459	
P15288	1				1											2	1				1											P15288	
P21165	1				1											2	1				1											P21165	
P06999	1									1						2	1									1						P06999	
P09373	1			1	1		1							1		5	1			1	1		1							1		P09373	
P36938	1				1											2	1				1											P36938	
P08312	1				1		1			1					1	5	1				1		1			1					1	P08312	
P07395	1				1											2	1				1											P07395	
P23836	1						1								1	3	1						1								1	P23836	
P05055	1		1		1		1			1						5	1		1		1		2			1						P05055	
P07003	1				1		1			1						4	1				1		1			1						P07003	
P23865	1					1										2	1					1										P23865	
P16659	1				1		1								1	4	1				1		1								1	P16659	
P23830	1															1	1															P23830	
P08839	1			1	1											3	1			1	1											P08839	
P09546	1															1	1															P09546	
P21599	1				1											2	1				1											P21599	
P04983	1				1					1					1	4	1				1					1					1	P04983	
P02925	1				1		1	1	1	1	1					7	1				1		1	1	1	1	1					P02925	
P37692	1															1	1															P37692	
P30850	1															1	1															P30850	
P21513	1															1	1															P21513	
P02359	1			1	1								1			4	1			1	1								1			P02359	
P07014	1		1	1			1			1				1	1	7	1		1	1			1			1				1	1	P07014	
P10408	1	1			1											3	1	1			1											P10408	
P16456	1															1	1															P16456	
P23721	1									1						2	1									1						P23721	
P26616	1															1	1															P26616	
P00934	1															1	1															P00934	
P27302	1				1		1									3	1				1		1									P27302	
P02930	1	1	1	1			1	1			1	1				8	1	1	1	1			1	1			1	1				P02930	
P13482	1							1		1						3	1							1		1						P13482	
P28904	1				1		1									3	1				1		1									P28904	
P00954	1						1									2	1						1									P00954	
P04693	1															1	1															P04693	
P17993	1															1	1															P17993	
P25534	1															1	1															P25534	
P27306	1															1	1															P27306	
P12758	1			1	1						1			1	1	6	1			1	1						1			1	1	P12758	
P07024	1						1									2	1						1									P07024	
P21499	1															1	1															P21499	
P25535	1															1	1															P25535	
P36879	1						1									2	1						1									P36879	
P28635	1			1						1						3	1			1						1						P28635	
P39831	1			1												2	1			1												P39831	
P37681	1															1	1															P37681	
P33218	1						1			1			1			4	1						1			1			1			P33218	
P23908	1															1	1															P23908	
P42596	1															1	1															P42596	
P46837	1															1	1															P46837	
P37634	1															1	1															P37634	
P37650	1															1	1															P37650	
P23839	1				1											2	1				1											P23839	
P32132	1			1			1								1	4	1			1			1								1	P32132	
P39406	1															1	1															P39406	
P13979	1															1	1															P13979	
P14565	1															1	1															P14565	
P34210	1			1												2	1			1												P34210	
P0ABD5	1									1						2	1									1						P0ABD5	
P0A9Q5	1				1					1						3	1				1					1						P0A9Q5	
P0A9G6	1				1						1				1	4	1				1						1				1	P0A9G6	
P0A6A3	1			1	1					1						4	1			1	1					1						P0A6A3	
P0AE06	1		1	1						1						4	1		1	1						1						P0AE06	
P22333	1															1	1															P22333	
P0A9Q7	1			1	1											3	1			1	1											P0A9Q7	
P0AE08	1			1	1								1	1		5	1			1	1								1	1		P0AE08	
P0A9Q1	1						1								1	3	1						1								1	P0A9Q1	
P0AC38	1			1	1											3	1			1	1											P0AC38	
P0ABB0	1	1	1	1	1		1			1				1		8	1	1	1	1	1		2			1				1		P0ABB0	
P0ABA4	1	1					1			1			1			5	2	1					1			1			1			P0ABA4	
P0ABA6	1		1		1		1			1				1		6	1		1		1		1			1				1		P0ABA6	
P0ABF6	1			1	1											3	1			1	1											P0ABF6	
P0ABH9	1															1	1															P0ABH9	
P63284	1			1	1		1			1					1	6	1			1	1		1			1					1	P63284	
P0A6H1	1						1								1	3	1						1								1	P0A6H1	
P0ACJ8	1												1			2	2												1			P0ACJ8	
P0ABK5	1				1					1	1			1		5	1				1					1	1			1		P0ABK5	
P0AEB2	1									1				1		3	1									1				1		P0AEB2	
P0A6J5	1			1						1						3	1			1						1						P0A6J5	
P0A6L2	1				1											2	1				1											P0A6L2	
P0A9D8	1				1					1						3	1				1					1						P0A9D8	
P0A6K1	1															1	1															P0A6K1	
P0A9P6	1															1	1															P0A9P6	
P0A6K6	1			1	1		1			1						5	1			1	1		1			1						P0A6K6	
P0A6L0	1				1											2	1				1											P0A6L0	
P0ABP8	1				1										1	3	1				1										1	P0ABP8	
P0A6Y8	1		1	1	1		1			1	1				1	8	1		1	1	1		1			1	1				1	P0A6Y8	
P0ABT2	1			1	1		1			1			1			6	1			1	1		1			1			1			P0ABT2	
P0AEG4	1								1		1		1			4	1								1		1		1			P0AEG4	
P77488	1															1	1															P77488	
P0A6P9	1			1	1		1				1			1		6	1			1	1		1				1			1		P0A6P9	
P0AAI5	1				1											2	1				1											P0AAI5	
P0A6R0	1						1									2	1						1									P0A6R0	
P0AEK4	1			1	1											3	1			1	1											P0AEK4	
P24183	1				1									1		3	1				1									1		P24183	
P32176	1				1		1			1				1	1	6	1				1		1			1				1	1	P32176	
P0AAJ5	1				1		1			1						4	1				1		1			1						P0AAJ5	
P68644	1															1	1															P68644	
P0AC47	1			1	1									1		4	1			1	1									1		P0AC47	
P0ACP1	1															1	1															P0ACP1	
P0ABH0	1															1	1															P0ABH0	
P0A9R7	1												1			2	1												1			P0A9R7	
P0A9A6	1			1											1	3	1			1											1	P0A9A6	
P0A9S1	1															1	1															P0A9S1	
P0AC33	1				1					1					1	4	1				1					1					1	P0AC33	
P0A9S3	1						1			1						3	1						1			1						P0A9S3	
P0C8J6	1						1								1	3	1						1								2	P0C8J6	
P0C8J8	1						1	1		1						4	1						1	1		1						P0C8J8	
P0A9S5	1				1											2	1				1											P0A9S5	
P0A9C5	1				1											2	1				1											P0A9C5	
P0AEQ3	1								1		1					3	1								1		1					P0AEQ3	
P0A9C0	1				1											2	1				1											P0A9C0	
P0A996	1				1											2	1				1											P0A996	
P0A6F3	1				1		1	1								4	1				1		1	1								P0A6F3	
P0A825	1				1											2	1				1											P0A825	
P63224	1												1		1	3	1												1		1	P63224	
P62707	1				1		1			1					1	5	1				1		1			1					1	P62707	
P0AES6	1															1	1															P0AES6	
P0ABC3	1				1		1			1						4	1				1		1			1						P0ABC3	
P0A6H5	1				1		1	1		1						5	1				1		1	1		1						P0A6H5	
P0A6Z3	1		1		1		1								1	5	1		1		1		1								1	P0A6Z3	
P0AAJ8	1															1	1															P0AAJ8	
P0AB77	1			1												2	1			1												P0AB77	
P0A715	1				1											2	1				1											P0A715	
P0A7C2	1						1						1			3	1						1						1			P0A7C2	
P33232	1	1												1		3	1	1												1		P33232	
P0A9M0	1									1						2	1									1						P0A9M0	
P0AEX9	1						1	1			1					4	1						1	1			1					P0AEX9	
P68187	1		1	1			1			1				1		6	1		1	1			1			1				1		P68187	
P03841	1															1	1															P03841	
P61889	1			1	1					1					1	5	1			1	1					1					1	P61889	
P0A817	1				1											2	1				1											P0A817	
P0AEZ3	1						1								1	3	1						1								1	P0AEZ3	
P0A935	1											1				2	1											1				P0A935	
P0A9X4	1			1			1									3	1			1			1									P0A9X4	
P0A749	1														1	2	1														1	P0A749	
P77258	1									1						2	1									1						P77258	
P0A903	1		1				1			1		1		1		6	1		1				1			1		1		1		P0A903	
P0AFC7	1				1		1			1						4	1				1		2			1						P0AFC7	
P0AFD1	1						1						1			3	1						1						1			P0AFD1	
P0AFD6	1						1			1						3	1						1			1						P0AFD6	
P0AFF6	1				1											2	1				1											P0AFF6	
P0A910	1		1	1	1		1	1	1	1	1	1			1	11	1		1	1	1		1	1	1	1	1	1			1	P0A910	
P0AA16	1			1			1								1	4	1			1			1								1	P0AA16	
P77737	1						1			1					1	4	1						1			1					1	P77737	
P0A912	1									1		1	1			4	1									1		1	1			P0A912	
P0AFI7	1															1	1															P0AFI7	
P0A794	1				1											2	1				1											P0A794	
P37095	1				1											2	1				1											P37095	
P0A799	1				1					1				1	1	5	1				1					1				1	1	P0A799	
P0AFK0	1															1	1															P0AFK0	
P07102	1															1	1															P07102	
P23538	1						1									2	1						1									P23538	
P0AFM6	1				1		1								1	4	1				1		1								1	P0AFM6	
P0AAH0	1									1						2	1									1						P0AAH0	
P0A9M8	1			1	1											3	1			1	1											P0A9M8	
P0A7D4	1				1		1									3	1				1		1									P0A7D4	
P0A786	1				1											2	1				1											P0A786	
P0A7E1	1			1						1				1		4	1			1						1				1		P0A7E1	
P0A7E5	1				1					1						3	1				1					1						P0A7E5	
P0A8J8	1															1	1															P0A8J8	
P0AG30	1				1											2	1				1											P0AG30	
P0A7Y0	1														1	2	1														1	P0A7Y0	
P0AG07	1												1			2	1												1			P0AG07	
P0A7Z0	1				1								1			3	1				1								1			P0A7Z0	
P0A7Z4	1				1											2	1				1											P0A7Z4	
P0A8V2	1				1			1							1	4	1				1			1							1	P0A8V2	
P0A8T7	1				1											2	1				1											P0A8T7	
P0AGB6	1												1			2	1												1			P0AGB6	
P0AFX9	1															1	1															P0AFX9	
P0AA43	1															1	1															P0AA43	
Q47622	1															1	1															Q47622	
P0A821	1															1	1															P0A821	
P14081	1															1	1															P14081	
P0AGC3	1															1	1															P0AGC3	
P0ACA3	1			1	1										1	4	1			1	1										1	P0ACA3	
P0A836	1				1											2	1				1											P0A836	
P0AGE9	1				1					1						3	1				1					1						P0AGE9	
P0ADG4	1															1	1															P0ADG4	
P0A867	1									1						2	1									1						P0A867	
P0A870	1			1	1											3	1			1	1											P0A870	
P0A847	1															1	1															P0A847	
P0A850	1			1	1		1			1						5	1			1	1		1			1						P0A850	
P0A853	1			1	1		1	1		1					1	7	1			1	1		1	1		1					1	P0A853	
P0A855	1										1					2	1										1					P0A855	
P0A862	1				1						1		1			4	1				1						1		1			P0A862	
P0A9P4	1															1	1															P0A9P4	
P0A927	1			1			1	1				1				5	1			1			1	1				1				P0A927	
P0A6A0	1															1	1															P0A6A0	
P0A887	1															1	1															P0A887	
P0A8F0	1			1	1								1			4	1			1	1								1			P0A8F0	
P0A698	1															1	1															P0A698	
P0A8G6	1				1		1						1		1	5	1				1		1						1		1	P0A8G6	
P0A940	1		1	1	1	1	1	1		1		1		1		10	1		1	2	1	1	2	1		1		1		1		P0A940	
P0A9U3	1															1	1															P0A9U3	
P0AFQ7	1															1	1															P0AFQ7	
P39173	1															1	1															P39173	
P37774	1															1	1															P37774	
P0AGJ5	1															1	1															P0AGJ5	
Q46803	1															1	1															Q46803	
P65807	1															1	1															P65807	
P0ADE8	1			1												2	1			1												P0ADE8	
P0ADV5	1						1									2	1						1									P0ADV5	
P0A9W3	1															1	1															P0A9W3	
P0ACA7	1												1		1	3	1												1		1	P0ACA7	
P0AFG8	1	1		1	1		1	1						1	1	8	1	1		2	1		1	1						1	1	P0AFG8	
P69441	1												1			2	1												1			P69441	
P0A6E4	1															1	1															P0A6E4	
P0A9Q9	1															1	1															P0A9Q9	
P0A8M0	1															1	1															P0A8M0	
P64614	1															1	1															P64614	
P0A9H3	1															1	1															P0A9H3	
P0A955	1				1						1		1			4	1				1						1		1			P0A955	
P0AB71	1			1												2	1			1												P0AB71	
P0A993	1															1	1															P0A993	
P0A6T5	1												1			2	1												1			P0A6T5	
P0A805	1												1			2	1												1			P0A805	
P69811	1															1	1															P69811	
P0A6M8	1			1	1					1				1	1	6	1			1	1					1				1	1	P0A6M8	
P0A9B2	1				1					1				1	1	5	1				1					1				1	1	P0A9B2	
P0ADG7	1	1			1					1						4	1	1			1					1						P0ADG7	
P61320	1											1	1			3	1											1	1			P61320	
P0AAI3	1	1					1								1	4	1	1					1								1	P0AAI3	
P0C0V0	1						1				1					3	1						1				1					P0C0V0	
P0ACD8	1			1	1											3	1			1	1											P0ACD8	
P0ACE0	1	1			1											3	1	1			1											P0ACE0	
P0A705	1				1											2	1				1											P0A705	
P0A707	1				1								1			3	1				1								1			P0A707	
P0A9P0	1		1		1		1			1					1	6	1		1		1		1			1					1	P0A9P0	
P0A8N5	1				1											2	1				1											P0A8N5	
P69797	1	1	1	1	1		1			1				1	1	9	1	1	1	1	1		2			1				1	1	P69797	
P0AE18	1															1	1															P0AE18	
P33599	1	1	1		1		1			1				1	1	8	1	1	1		1		2			1				1	1	P33599	
P68767	1															1	1															P68767	
P0A921	1							1				1				3	1							1				1				P0A921	
P0A717	1				1											2	1				1											P0A717	
P0A7D7	1				1											2	1				1											P0A7D7	
P0AD61	1				1					1						3	1				1					1						P0AD61	
P67910	1			1	1										1	4	1			1	1										1	P67910	
P0A7L0	1			1									1			3	1			1									1			P0A7L0	
P60422	1															1	1															P60422	
P60438	1									1			1			3	1									1			1			P60438	
P60723	1						1						1			3	1						1						1			P60723	
P62399	1			1			1						1		1	5	1			1			1						1		1	P62399	
P0AG55	1												1			2	1												1			P0AG55	
P0A7R1	1	1		1			1				1		1			6	1	1		1			1				1		1			P0A7R1	
P0AA10	1												1			2	1												1			P0AA10	
P0AG67	1			1	1					1				1		5	1			1	1					1				1		P0AG67	
P0A7V0	1															1	1															P0A7V0	
P0A7V3	1						1									2	1						1									P0A7V3	
P0A7V8	1			1									1			3	1			1									1			P0A7V8	
P0A7W1	1												1			2	1												1			P0A7W1	
P0AC41	1		1				1			1				1	1	6	1		1				1			1				1	1	P0AC41	
P0A8L1	1				1											2	1				1											P0A8L1	
P0AGD3	1				1		1				1		1	1		6	1				1		1				1		1	1		P0AGD3	
P0AFG3	1	1			1		1	1							1	6	1	1			1		1	1							1	P0AFG3	
P0AFG6	1	1					1									3	1	1					1									P0AFG6	
P0AGF6	1															1	1															P0AGF6	
P0A8M3	1															1	1															P0A8M3	
P0A858	1			1	1											3	1			1	1											P0A858	
P0A6P1	1				1			1						1		4	1				1			1						1		P0A6P1	
P0CE47	1			1	1	1	1			1				1	1	8	1			1	1	1	1			1				1	1	P0CE47	
P0CE48	1			1	1	1				1					1	6	1			1	1	1				1					1	P0CE48	
P0A6N1	1			1	1	1				1					1	6	1			1	1	1				1					1	P0A6N1	
P0AGJ9	1				1											2	1				1											P0AGJ9	
P37902	1								1		1					3	1								1		1					P37902	
P0A9K1	1														1	2	1														1	P0A9K1	
P0A915	1			1								1		1		4	1			1								1		1		P0A915	
P0A9V1	1		1				1			1				1		5	1		1				2			1				1		P0A9V1	
P63177	1															1	1															P63177	
P67087	1															1	1															P67087	
P63386	1						1									2	1						1									P63386	
P0AC53	1				1											2	1				1											P0AC53	
P62556	1															1	1															P62556	
P62558	1															1	1															P62558	
P0A6K3	1												1			2	1												1			P0A6K3	
P0AG44		1											1			2		1											1				
P0A7J3		1											1			2		1											1				
P0ABB4		1	1	1	1		1	1		1				1	1	9		1	1	1	1		2	1		1				1	1		
P64604		1			1		1			1						4		1			1		1			1							
P0AG27		1														1		1															
P0ADW3		1	1							1			1			4		1	1							1			1				
P0C0S1		1	1		1		1			1						5		1	1		1		1			1							
P62517		1			1											2		1			1												
P0AD65		1														1		1															
P0AG90		1	1	1	1											4		1	1	1	1												
P0AG99		1														1		1															
P69786		1								1						2		1								1							
P09323		1														1		1															
P36672		1								1						2		1								1							
P00550		1					1			1					1	4		1					1			1					1		
P02919		1			1											2		1			1												
P02918		1														1		1															
P0ABJ9		1	1		1	1	1			1						6		1	1		1	1	1			1							
P29018		1														1		1															
P25714		1	1		1		1			1						5		1	1		1		1			1							
P0ABJ1		1	1				1			1					1	5		1	1				1			1					1		
P19934		1														1		1															
P43671		1					1									2		1					1										
P27434		1														1		1															
P37690		1														1		1															
P0A7A7		1			1					1				1		4		1			1					1				1			
P0AAG8		1														1		1															
P60785		1														1		1															
P02413		1				1							1			3		1				1							1				
P21170		1														1		1															
P21507		1														1		1															
P77748		1								1						2		1								1							
P75818		1		1								1	1	1		5		1		1								1	1	1			
P0ABA0			1		1		1			1			1			5			1		1		1			1			1				
P68699			1													1			1														
P69776			1		1							1			1	4			1		1							1			1		
P07117			1							1						2			1							1							
P0ABK2			1							1						2			1							1							
P14175			1				1								1	3			1				1								1		
P15877			1							1						2			1							1							
P0ADZ7			1							1			1		1	4			1							1			1		1		
P30845			1							1						2			1							1							
P31224			1		1		1			1						4			1		1		1			1							
P0CB39			1							1						2			1							1							
P32705			1							1						2			1							1							
P69831			1							1						2			1							1							
P37194			1	1	1	1						1		1		6			1	1	1	1						1		1			
P37636			1	1						1						3			1	1						1							
P37637			1		1		1			1						4			1		1		1			1							
P76372			1		1					1						3			1		1					1							
P0AC02			1	1			1			1		1		1		6			1	1			1			1		1		1			
P77173			1							1						2			1							1							
P0ADY1			1				1			1				1		4			1				1			1				1			
P0AAA1			1		1					1						3			1		1					1							
P0A908			1	1			1					1				4			1	1			1					1					
P77804			1	1	1					1				1		5			1	1	1					1				1			
P0A6F5				1	1		1			1					1	5				1	1		2			1					1		
P0A7X3				1									1			2				1									1				
Q46857				1						1						2				1						1							
P04949				1		1										2				1		1											
P0AGE0				1			1						1		1	4				1			1						1		1		
P69908				1	1											2				1	1												
P0ADE6				1						1			1			3				1						1			1				
P0A8E1				1			1						1			3				1			1						1				
P0A905				1			1					1	1		1	5				1			1					1	1		1		
P0ABU0				1												1				1													
P30847				1												1				1													
P76115				1				1				1				3				1				1				1					
P0A917				1				1	1	1	1	1	1		1	8				1				1	1	1	1	1	1		1		
P21420				1		1						1				3				1		1						1					
P76506				1		1	1					1				4				1		1	1					1					
P52697				1	1											2				1	1												
P0A9C3				1												1				1													
P46130				1								1				2				1								1					
P0A8E7				1									1			2				1									1				
P77774				1	1		1			1		1		1		6				1	1		1			1		1		1			
P15639				1	1											2				1	1												
P41066				1												1				1													
P33025				1												1				1													
P25906				1												1				1													
P46923				1												1				1													
P0A6Q6				1	1										1	3				1	1										1		
P0AG16					1											1					1												
P0ABH7					1		1								1	3					1		1								1		
P0ACF0					1								1			2					1								1				
P0AAC0					1											1					1												
P0AB67					1											1					1												
P0ACF8					1		1						1			3					1		1						1				
P0AG18					1											1					1												
P0AES4					1											1					1												
P0ABD3					1		1						1		1	4					1		1						1		1		
P0AEU7					1					1	1		1		1	5					1					1	1		1		1		
P0ADS6					1											1					1												
P0ACB2					1											1					1												
P0ACC7					1											1					1												
P0ABS1					1								1			2					1								1				
P0ABU7					1											1					1												
P0AG93					1											1					1												
P0ADB1					1	1						1	1			4					1	1						1	1				
P0AAJ3					1									1		2					1									1			
P0AG14					1											1					1												
P0AF12					1								1			2					1								1				
P0AEP3					1											1					1												
P0AET8					1											1					1												
P0AAI9					1											1					1												
P0AB89					1											1					1												
P0ABU5					1											1					1												
P0AED0					1								1			2					1								1				
P0AF03					1								1			2					1								1				
P0AEZ9					1					1			1		1	4					1					1			1		1		
P0ADA5					1							1	1			3					1							1	1				
P0A9Y6					1				1		1					3					1				1		1						
P0AEE1					1								1			2					1								1				
P0ADK0					1		1									2					1		1										
P0AF93					1					1	1		1			4					1					1	1		1				
P0AFP6					1											1					1												
P0AD12					1											1					1												
P0AES2					1											1					1												
P69801					1	1										2					1	1											
P26459					1											1					1												
P39396					1					1						2					1					1							
P60061					1											1					1												
P63235					1											1					1												
P60752					1					1						2					1					1							
P0A742					1											1					1												
P0A9M5					1								1			2					1								1				
P0A7B1					1										1	2					1										1		
P69805					1		1			1				1		4					1		1			1				1			
P08395					1					1						2					1					1							
Q59385					1	1										2					1	1											
P19319					1		1									2					1		1										
P0A7J0					1											1					1												
P69741					1											1					1												
P11557					1											1					1												
P42632					1											1					1												
P0A9J6					1					1						2					1					1							
P09372					1								1			2					1								1				
P0A6A8					1								1			2					1								1				
P18335					1											1					1												
P29745					1											1					1												
P0A9A9					1								1			2					1								1				
P06987					1											1					1												
P39377					1											1					1												
P0A9L8					1											1					1												
P15254					1											1					1												
P0A9K9					1					1			1			3					1					1			1				
P69824					1										1	2					1										1		
P0A7G6					1											1					1												
P25437					1											1					1												
P28629					1											1					1												
P00957					1											1					1												
P69503					1											1					1												
P0A6G7					1		1						1			3					1		1						1				
P69783					1						1		1			3					1						1		1				
P04036					1											1					1												
P0A988					1											1					1												
P0A953					1											1					1												
P0A991					1											1					1												
P0A998					1								1			2					1								1				
P69922					1											1					1												
P0A6F9					1		1			1			1		1	5					1		1			1			1		1		
P31658					1											1					1												
P23893					1											1					1												
P0A7B8					1		1			1			1			4					1		1			1			1				
P0A8N3					1											1					1												
P31057					1											1					1												
P31663					1											1					1												
P15034					1											1					1												
P0A6T1					1											1					1												
P0A7A9					1								1			2					1								1				
P07913					1											1					1												
P69910					1											1					1												
P0A9L3					1								1		1	3					1								1		1		
P76576					1		1			1			1			4					1		2			1			1				
P39265					1											1					1												
P64596					1								1			2					1								1				
P0A7F3					1											1					1												
P0A6W5					1								1			2					1								1				
P37689					1									1		2					1									1			
P60651					1											1					1												
P77247					1								1			2					1								1				
P25889					1											1					1												
P76440					1					1						2					1					1							
P08390					1											1					1												
P77395					1										1	2					1										1		
P0A8A2					1											1					1												
Q46856					1											1					1												
P69407					1								1		1	3					1								1		1		
P37647					1											1					1												
P75691					1					1						2					1					1							
Q46829					1											1					1												
P12281					1											1					1												
P00582					1											1					1												
P27298					1											1					1												
P37759					1											1					1												
P0A6L7					1											1					1												
P77454					1											1					1												
P41409					1											1					1												
Q46851					1											1					1												
P39279					1											1					1												
P68066					1						1		1			3					1						1		1				
P37769					1										1	2					1										1		
P40191					1											1					1												
P64581					1								1			2					1								1				
P61517					1										1	2					1										1		
P0A6F1					1											1					1												
P25524					1											1					1												
P76015					1											1					1												
P06968					1								1			2					1								1				
P33195					1											1					1												
Q46938					1										1	2					1										1		
P76558					1											1					1												
P69924					1											1					1												
Q93K97					1										1	2					1										1		
P37744					1											1					1												
P09158					1											1					1												
P21367					1								1		1	3					1								1		1		
P07650					1											1					1												
P0ABM9						1										1						1											
P76175						1										1						1											
P0A8Q6						1										1						1											
P0AEA2						1										1						1											
P0AEB0						1										1						1											
P0AAG0						1				1						2						1				1							
P33128						1										1						1											
P24077						1										1						1											
P0AEL3						1										1						1											
P16869						1										1						1											
P76297						1										1						1											
P52612						1										1						1											
P39180						1										1						1											
P0AC96						1										1						1											
P33129						1										1						1											
P09151						1										1						1											
P0A9S7						1										1						1											
P76399						1										1						1											
P23200						1										1						1											
P41036						1										1						1											
P33593						1	1									2						1	1										
P42641						1										1						1											
P75906						1										1						1											
P0AFK6						1										1						1											
P06615						1										1						1											
P0AEH1						1										1						1											
P0A9T0						1										1						1											
P56579						1										1						1											
P0AGI8						1										1						1											
P02942						1										1						1											
P76055						1										1						1											
P0AGC0						1										1						1											
P30868						1										1						1											
P0AAS3						1										1						1											
P77307						1										1						1											
P75750						1										1						1											
P0AA84						1										1						1											
P75810						1										1						1											
P64451						1						1	1			3						1						1	1				
P76186						1										1						1											
P77529						1										1						1											
P33015						1										1						1											
P76361						1										1						1											
P33924						1										1						1											
P77196						1										1						1											
P76578						1										1						1											
P46139						1										1						1											
P52138						1										1						1											
P45420						1										1						1											
P45537						1										1						1											
P37663						1										1						1											
P37669						1										1						1											
P32128						1										1						1											
P39308						1										1						1											
P43531						1										1						1											
P77315						1										1						1											
P0CE44						1										1						1											
P0CE45						1										1						1											
P0ADT8							1			1			1			3							1			1			1				
P0AB98							1			1						2							1			1							
P0ABC7							1									1							2										
P0ABI8							1			1						2							1			1							
P0AC44							1									1							1										
P0AFH2							1			1						2							1			1							
P0AG00							1			1						2							1			1							
P33607							1			1						2							1			1							
P39285							1									1							1										
P76027							1			1					1	3							1			1					1		
P77338							1									1							1										
P77757							1			1						2							1			1							
P45799							1								1	2							1								1		
P0A6E6							1			1			1			3							1			1			1				
P0AB33							1									1							1										
P77611							1									1							1										
P0A9A2							1									1							1										
P0ABW9							1									1							1										
P33235							1									1							1										
P29744							1									1							1										
P0A6U8							1								1	2							1								1		
P0A812							1								1	2							1								1		
P06993							1								1	2							1								1		
P76017							1									1							1										
P23305							1									1							1										
P77475							1									1							1										
P0A8J4							1			1			1		1	4							1			1			1		1		
P05704							1									1							1										
P0A9K3							1			1					1	3							1			1					1		
P00864							1								1	2							1								1		
P0AEX5							1									1							1										
P75809							1									1							1										
P21363							1			1						2							1			1							
P69828							1						1			2							1						1				
P11290							1									1							1										
P0A8R0							1						1			2							1						1				
P0A9E2							1									1							1										
P0ACB0							1								1	2							1								1		
P09155							1									1							1										
P00803							1			1						2							1			1							
P0AFZ3							1						1			2							1						1				
P63204							1									1							1										
P0A8W0							1								1	2							1								1		
P30843							1									1							1										
P52108							1								1	2							1								1		
P05719							1									1							1										
P76373							1			1						2							1			1							
P0C054							1			1			1		1	4							1			1			1		1		
P0C058							1								1	2							1								1		
P75933							1									1							1										
P0AFM2							1			1						2							1			1							
P0AEU0							1		1	1	1					4							1		1	1	1						
P33668							1									1							1										
P0A8X2							1		1		1		1			4							1		1		1		1				
P26218							1									1							1										
P0A7R5							1						1			2							1						1				
P0ADY3							1				1		1			3							1				1		1				
P0AEE5								1							1	2								1							1		
P23847								1		1	1					3								1		1	1						
P26648								1								1								1									
P33940								1							1	2								1							1		
P37648								1								1								1									
P46883								1								1								1									
P66948								1								1								1									
P75780								1				1				2								1				1					
P76045								1								1								1									
P09551									1	1	1					3									1	1	1						
P30859									1	1	1					3									1	1	1						
P30860									1		1					2									1		1						
P16700									1		1					2									1		1						
P61316									1		1		1			3									1		1		1				
P0AFK9									1		1					2									1		1						
P77214									1		1					2									1		1						
P0AET5									1		1					2									1		1						
P0AFH8									1	1	1		1			4									1	1	1		1				
P0AFL3									1		1		1			3									1		1		1				
P0AB24									1		1					2									1		1						
P02358										1			1		1	3										1			1		1		
P02916										1						1										1							
P02924										1						1										1							
P04982										1			1			2										1			1				
P05042										1						1										1							
P06988										1						1										1							
P07001										1						1										1							
P0A6B7										1						1										1							
P0A6L4										1						1										1							
P0A800										1			1			2										1			1				
P0A8K1										1				1		2										1				1			
P0AA53										1					1	2										1					1		
P0AAB6										1						1										1							
P0AAD6										1						1										1							
P0AAF6										1						1										1							
P0AAT9										1			1			2										1			1				
P0AB91										1						1										1							
P0ABF8										1						1										1							
P0ABJ3										1						1										1							
P0ABJ6										1						1										1							
P0ABU2										1						1										1							
P0ACB7										1						1										1							
P0ADC6										1						1										1							
P0AEF8										1						1										1							
P0AEQ6										1						1										1							
P0AEU3										1						1										1							
P0AF54										1						1										1							
P0AFC3										1						1										1							
P0AFD4										1						1										1							
P0AFH6										1						1										1							
P0AG80										1	1					2										1	1						
P0AGI1										1						1										1							
P0C0L2										1			1			2										1			1				
P13656										1						1										1							
P15640										1						1										1							
P16095										1						1										1							
P23522										1						1										1							
P27848										1						1										1							
P32703										1						1										1							
P37313										1						1										1							
P37330										1						1										1							
P39325										1						1										1							
P39835										1						1										1							
P52094										1						1										1							
P62620										1						1										1							
P68183										1						1										1							
P69054										1						1										1							
P75777										1						1										1							
P75937										1						1										1							
P76108										1	1					2										1	1						
P76128										1						1										1							
P76658										1						1										1							
P77581										1						1										1							
Q47146										1						1										1							
P0ABQ2										1						1										1							
P0AFI0										1						1										1							
P00634											1					1											1						
P00893											1					1											1						
P04128											1		1			2											1		1				
P08189											1					1											1						
P08997											1				1	2											1				1		
P0AA04											1		1			2											1		1				
P0AAX8											1					1											1						
P0ABZ6											1					1											1						
P0AD59											1		1			2											1		1				
P0AD96											1					1											1						
P0ADA1											1		1			2											1		1				
P0ADU5											1		1			2											1		1				
P0ADV1											1		1			2											1		1				
P0ADV7											1		1			2											1		1				
P0AEB7											1		1			2											1		1				
P0AG82											1					1											1						
P23827											1		1			2											1		1				
P31130											1		1			2											1		1				
P31133											1					1											1						
P31550											1					1											1						
P33362											1					1											1						
P37329											1					1											1						
P45464											1	1				2											1	1					
P45524											1					1											1						
P45955											1					1											1						
P64506											1		1			2											1		1				
P75694											1		1			2											1		1				
P75797											1					1											2						
P76116											1					1											1						
P76177											1					1											1						
P76341											1		1			2											1		1				
P76471											1					1											1						
Q46798												1				1												1					
P77717												1				1												1					
P76206												1				1												1					
P75820												1				1												1					
P69411												1				1												1					
P65294												1				1												1					
P65292												1				1												1					
P63883												1				1												1					
P46122												1				1												1					
P43674												1				1												1					
P40710												1				1												1					
P37665												1	1			2												1	1				
P31827												1				1												1					
P31063												1	1			2												1	1				
P23898												1				1												1					
P10100												1				1												1					
P0C066												1				1												1					
P0AFB1												1				1												1					
P0ADS9												1				1												1					
P0ADN6												1				1												1					
P0ADC1												1	1			2												1	1				
P0ADB7												1				1												1					
P0ADA3												1				1												1					
P0AA91												1				1												1					
P0A937												1				1												1					
P0A901												1				1												1					
P00448													1			1													1				
P03817													1			1													1				
P08245													1			1													1				
P09996													1			1													1				
P0A6D7													1			1													1				
P0A6G3													1			1													1				
P0A6I0													1			1													1				
P0A6L9													1			1													1				
P0A6N4													1			1													1				
P0A6N8													1			1													1				
P0A6P7													1			1													1				
P0A6Q3													1			1													1				
P0A6R3													1			1													1				
P0A6T9													1			1													1				
P0A6V5													1			1													1				
P0A6X7													1			1													1				
P0A6Y1													1			1													1				
P0A6Z6													1			1													1				
P0A703													1			1													1				
P0A720													1		1	2													1		1		
P0A729													1			1													1				
P0A731													1			1													1				
P0A734													1			1													1				
P0A744													1			1													1				
P0A746													1			1													1				
P0A763													1			1													1				
P0A780													1			1													1				
P0A784													1			1													1				
P0A7A5													1			1													1				
P0A7D1													1			1													1				
P0A7G2													1			1													1				
P0A7I7													1			1													1				
P0A7J7													1			1													1				
P0A7K2													1			1													1				
P0A7K6													1			1													1				
P0A7L3													1			1													1				
P0A7L8													1			1													1				
P0A7M2													1			1													1				
P0A7R9													1			1													1				
P0A7S3													1			1													1				
P0A7S9													1			1													1				
P0A7T3													1			1													1				
P0A7T7													1			1													1				
P0A7U3													1			1													1				
P0A7U7													1			1													1				
P0A7W7													1			1													1				
P0A7X6													1			1													1				
P0A832													1			1													1				
P0A881													1			1													1				
P0A890													1			1													1				
P0A8B2													1			1													1				
P0A8B5													1			1													1				
P0A8C4													1			1													1				
P0A8D0													1			1													1				
P0A8D3													1			1													1				
P0A8D6													1			1													1				
P0A8E5													1			1													1				
P0A8G9													1			1													1				
P0A8I1													1			1													1				
P0A8J2													1			1													1				
P0A8M6													1			1													1				
P0A8N0													1			1													1				
P0A8P3													1			1													1				
P0A8U6													1			1													1				
P0A8W2													1			1													1				
P0A8X0													1			1													1				
P0A8Y3													1			1													1				
P0A9D2													1			1													1				
P0A9F1													1			1													1				
P0A9H5													1			1													1				
P0A9I8													1			1													1				
P0A9L5													1			1													1				
P0A9M2													1			1													1				
P0A9N0													1			1													1				
P0A9R4													1			1													1				
P0A9W6													1			1													1				
P0A9W9													1		1	2													1		1		
P0A9Z1													1			1													1				
P0AA25													1			1													1				
P0AA57													1			1													1				
P0AAA9													1			1													1				
P0AAB8													1			1													1				
P0AAC8													1			1													1				
P0AAN9													1			1													1				
P0AAP3													1			1													1				
P0AAQ2													1			1													1				
P0AAQ6													1			1													1				
P0AAR3													1			1													1				
P0AAT6													1			1													1				
P0AAV4													1			1													1				
P0AB18													1			1													1				
P0AB20													1			1													1				
P0AB28													1			1													1				
P0AB38													1			1													1				
P0AB43													1			1													1				
P0AB46													1			1													1				
P0AB52													1			1													1				
P0AB55													1			1													1				
P0AB61													1			1													1				
P0AB65													1			1													1				
P0AB96													1			1													1				
P0ABD8													1			1													1				
P0ABE2													1			1													1				
P0ABF4													1			1													1				
P0ABL3													1			1													1				
P0ABR1													1			1													1				
P0ABS8													1			1													1				
P0ABV2													1			1													1				
P0ABV6													1			1													1				
P0ABY4													1			1													1				
P0ABZ4													1			1													1				
P0AC51													1			1													1				
P0AC59													1			1													1				
P0AC62													1			1													1				
P0AC69													1			1													1				
P0AC81													1			1													1				
P0ACA1													1			1													1				
P0ACC3													1			1													1				
P0ACD4													1			1													1				
P0ACE7													1			1													1				
P0ACF4													1			1													1				
P0ACG1													1			1													1				
P0ACG8													1			1													1				
P0ACJ0													1			1													1				
P0ACR9													1			1													1				
P0ACV8													1			1													1				
P0ACW6													1			1													1				
P0ACX3													1			1													1				
P0ACY1													1			1													1				
P0AD10													1			1													1				
P0AD33													1			1													1				
P0AD49													1			1													1				
P0ADF8													1			1													1				
P0ADI7													1			1													1				
P0ADK8													1			1													1				
P0ADN2													1			1													1				
P0ADP9													1			1													1				
P0ADS2													1			1													1				
P0ADU2													1			1													1				
P0ADX1													1			1													1				
P0ADX7													1			1													1				
P0ADY7													1			1													1				
P0ADZ0													1			1													1				
P0ADZ4													1			1													1				
P0AE48													1			1													1				
P0AE52													1			1													1				
P0AE60													1			1													1				
P0AE70													1			1													1				
P0AE85													1			1													1				
P0AE91													1			1													1				
P0AED5													1			1													1				
P0AEH5													1			1													1				
P0AEM0													1			1													1				
P0AEM4													1			1													1				
P0AEN8													1			1													1				
P0AEQ1													1			1													1				
P0AES9													1			1													1				
P0AET2													1			1													1				
P0AEY5													1			1													1				
P0AF28													1			1													1				
P0AF36													1			1													1				
P0AF50													1			1													1				
P0AF61													1			1													1				
P0AF67													1			1													1				
P0AF96													1			1													1				
P0AFG0													1			1													1				
P0AFJ1													1			1													1				
P0AFR4													1			1													1				
P0AFU8													1			1													1				
P0AFW4													1			1													1				
P0AFW8													1			1													1				
P0AFX0													1			1													1				
P0AFY8													1			1													1				
P0AG48													1			1													1				
P0AG59													1			1													1				
P0AG63													1			1													1				
P0AG86													1			1													1				
P0AGD1													1			1													1				
P0AGG4													1			1													1				
P0AGK4													1			1													1				
P0AGK8													1			1													1				
P0AGL2													1			1													1				
P0C018													1			1													1				
P0C037													1			1													1				
P0C079													1			1													1				
P12994													1			1													1				
P16681													1			1													1				
P18390													1			1													1				
P21362													1			1													1				
P21369													1			1													1				
P23857													1			1													1				
P23869													1			1													1				
P24178													1			1													1				
P25536													1			1													1				
P25738													1			1													1				
P27838													1			1													1				
P30748													1			1													1				
P30749													1			1													1				
P31131													1			1													1				
P31992													1			1													1				
P32156													1			1													1				
P32160													1			1													1				
P32162													1			1													1				
P33012													1			1													1				
P33219													1			1													1				
P37182													1			1													1				
P37188													1			1													1				
P37590													1			1													1				
P37903													1			1													1				
P38521													1			1													1				
P39177													1			1													1				
P39187													1			1													1				
P39274													1			1													1				
P39310													1			1													1				
P39332													1			1													1				
P41407													1			1													1				
P42616													1			1													1				
P43340													1			1													1				
P45470													1			1													1				
P45578													1			1													1				
P45748													1			1													1				
P45771													1			1													1				
P51024													1			1													1				
P52060													1			1													1				
P52061													1			1													1				
P52102													1			1													1				
P52119													1			1													1				
P60546													1			1													1				
P60624													1			1													1				
P61175													1			1													1				
P61714													1			1													1				
P61949													1			1													1				
P62395													1			1													1				
P62768													1			1													1				
P63020													1			1													1				
P63228													1			1													1				
P63417													1			1													1				
P64455													1			1													1				
P64461													1			1													1				
P64476													1			1													1				
P64479													1			1													1				
P64483													1			1													1				
P64488													1			1													1				
P64503													1			1													1				
P64530													1			1													1				
P64534													1			1													1				
P64540													1			1													1				
P64559													1			1													1				
P64602													1			1													1				
P65367													1			1													1				
P65556													1			1													1				
P67095													1			1													1				
P67603													1			1													1				
P68688													1			1													1				
P68739													1			1													1				
P68919													1			1													1				
P69488													1			1													1				
P69822													1			1													1				
P69829													1			1													1				
P75734													1			1													1				
P75849													1			1													1				
P75874													1			1													1				
P76001													1			1													1				
P76002													1			1													1				
P76076													1			1													1				
P76170													1			1													1				
P76172													1			1													1				
P76227													1			1													1				
P76243													1			1													1				
P76270													1			1													1				
P76364													1			1													1				
P76402													1			1													1				
P76537													1			1													1				
P76549													1			1													1				
P76569													1			1													1				
P77285													1			1													1				
P77368													1			1													1				
P77667													1			1													1				
P77754													1			1													1				
P77791													1			1													1				
Q2M7X4													1			1													1				
Q46864													1			1													1				
Q46868													1			1													1				
Q47150													1			1													1				
P0AEK7														1		1														1			
P0AEL0														1		1														1			
P11350														1		1														1			
P00370															1	1															1		
P07762															1	1															1		
P09424															1	1															1		
P0A7E9															1	1															1		
P0A8A4															1	1															1		
P0A9H9															1	1															1		
P0AAS0															1	1															1		
P0ABZ1															1	1															1		
P0AC19															1	1															1		
P0AEN1															1	1															1		
P0AFB5															1	1															1		
P13445															1	1															1		
P31802															1	1															1		
P32155															1	1															1		
P33360															1	1															1		
P33570															1	1															1		
P37617															1	1															1		
P37626															1	1															1		
P37646															1	1															1		
P39353															1	1															1		
P43533															1	1															1		
P45463															1	1															1		
P50456															1	1															1		
P60869															1	1															1		
P60955															1	1															1		
P76491															1	1															1		
P77302															1	1															1		
P77712															1	1															1		
